410 0
4 0
1 1 0 0 1 1 0 3 4 0 1 3 1 1 0 4 2 2 0 2 0 0 0 0 0 1 1 2 1 0 1 1 3 3 3 3 2 2 3 1 2 2 1 3 2 0 0 1 1 1 1 0 2 2 2 2 2 2 1 1 0 0 0 0 0 2 2 2 0 3 3 3 3 4 1 2 2 1 0 0 2 1 1 1 1 1 2 1 0 0 0 0 0 0 0 0 0 0 0 0 0 0 0 0 0 0 0 0 0 0 0 2 2 0 2 0 1 0 0 1 1 2 1 1 1 1 1 0 0 2 1 1 1 2 0 0 1 1 3 3 3 3 2 2 0 2 0 0 0 0 0 1 2 1 0 0 0 0 1 2 1 0 2 0 0 0 1 1 0 1 1 1 2 1 1 0 2 1 1 0 0 0 1 0 0 1 1 1 1 1 3 4 4 3 3 2 2 2 2 2 1 4 0 3 1 2 1 1 0 2 3 3 3 3 3 0 3 3 2 0 0 0 1 1 1 1 0 1 0 1 1 0 1 0 0 1 0 1 0 0 0 1 1 0 0 0 1 1 0 0 0 0 1 1 0 0 1 0 0 1 1 1 0 1 2 0 1 0 2 2 2 0 2 2 2 2 2 2 1 1 0 2 1 2 1 0 0 0 0 0 1 2 0 0 0 1 3 0 0 0 1 1 1 0 0 0 2 0 1 0 0 1 0 0 0 0 0 0 0 0 0 0 0 0 0 1 2 2 1 4 4 3 4 3 2 1 0 0 1 3 3 0 0 1 4 1 1 0 1 1 0 0 1 1 1 2 0 0 1 1 0 1 1 0 0 0 1 0 0 0 0 1 1 1 1 0 0 2 0 1 0 0 0 0 1 1 1 0 2 0 0 0 1 0 0 1 0 0 1 1 1 1 1 1 0 0 0 0 0 0 

2 
1 


6 
5 

9 12 16 
8 11 12 16 

9 
8 9 16 
26 
16 

8 9 12 14 
18 20 
17 20 

17 18 





13 
28 
27 29 
28 

32 
31 
34 35 36 
33 35 36 
33 34 36 
33 34 35 
38 39 
37 39 
37 38 40 
39 
44 45 
43 44 
42 
41 42 45 
41 44 


49 
48 
51 
50 

54 55 
53 55 
53 54 
57 58 
56 58 
56 57 
60 
59 





67 68 
66 68 
66 67 

71 72 73 
70 72 73 
70 71 73 
70 71 72 
75 76 77 78 
74 
74 77 
74 76 
74 


82 83 
81 
81 
85 
84 
87 
86 88 
87 























113 115 
112 115 

112 113 

131 


130 
123 
126 134 
121 
127 
130 
122 
124 


120 125 
117 
190 
134 
122 133 


138 
137 
140 141 142 
139 141 142 
139 140 142 
139 140 141 
144 146 
143 146 

143 144 





154 
159 160 
152 




153 
153 161 
160 

192 193 



168 
167 

175 
172 
171 
174 177 
173 
170 

173 183 
179 
178 



177 


187 
186 
189 
188 
132 
192 193 194 
163 191 193 194 
163 191 192 194 
191 192 193 
196 197 257 
195 202 
195 206 
199 219 
198 204 
202 204 
202 
196 200 201 204 

199 200 202 
207 
197 219 
205 
213 

211 212 
210 212 213 
210 211 213 
208 211 212 
215 217 218 
214 217 218 

214 215 218 
214 215 217 
198 206 



224 
223 
226 
225 

230 

228 
233 

231 


238 

236 



243 
242 



248 
247 




254 
253 


195 


261 
260 
265 

267 
262 327 

264 

270 271 
269 271 
269 270 

274 275 
273 275 
273 274 
277 278 
276 278 
276 277 
280 
279 

284 291 
301 
282 297 
292 





282 
285 297 



297 
284 292 296 



283 
303 
302 



309 312 

307 


307 













327 
265 326 
329 380 
328 
331 332 333 334 
330 332 333 334 
330 331 333 
330 331 332 334 
330 331 333 
336 399 
335 


340 
339 341 349 
340 344 350 


341 
346 356 359 385 
345 
356 

340 
341 


363 
355 
354 
345 347 


345 
362 

360 
353 



396 




373 
372 
375 
374 


389 393 

328 




345 
387 
386 

378 404 



378 


367 


335 
401 
400 
403 
402 
389 





