410 0
4 0
1 1 0 0 0 0 0 1 1 0 1 0 0 0 0 1 2 1 0 1 0 0 0 0 0 0 0 0 0 0 0 0 1 0 1 2 2 1 1 0 1 1 1 1 0 0 0 1 1 1 1 0 0 0 0 0 1 1 0 0 0 0 0 0 0 1 2 1 0 2 3 2 3 0 0 1 1 0 0 0 0 0 0 1 1 0 0 0 0 0 0 0 0 0 0 0 0 0 0 0 0 0 0 0 0 0 0 0 0 0 0 2 2 0 2 0 0 0 0 0 1 0 1 0 0 0 0 0 0 0 0 1 0 0 0 0 1 1 0 1 1 2 0 0 0 0 0 0 0 0 0 0 0 0 0 0 0 0 0 0 0 0 1 0 0 0 0 0 0 0 1 1 0 0 0 0 0 0 0 0 0 0 0 0 0 0 0 1 1 1 2 4 2 1 0 0 0 0 0 0 0 0 0 0 0 0 0 0 0 0 0 0 0 2 2 0 0 2 0 0 0 0 0 0 1 1 0 1 0 1 0 0 0 0 0 0 0 0 0 0 0 0 0 0 0 0 1 1 0 0 0 0 0 0 0 0 0 0 0 0 0 0 0 0 0 0 0 0 0 0 0 0 1 0 1 0 1 1 1 1 0 0 0 0 0 0 0 0 0 0 0 0 0 0 0 0 0 0 0 0 0 0 0 0 0 0 0 0 0 0 0 0 0 0 0 0 0 0 0 0 0 0 0 0 0 0 0 1 1 2 2 0 2 0 0 0 0 0 0 0 0 0 0 0 1 1 0 0 0 0 0 0 0 1 1 0 0 0 0 0 0 0 0 0 0 0 1 0 0 0 0 1 1 1 1 0 0 0 0 0 0 0 0 0 0 1 1 0 0 0 0 0 0 0 0 1 0 0 0 1 1 0 0 0 0 0 0 0 0 0 

2 
1 





16 
11 

9 




8 
18 20 
17 

17 












36 

36 
33 35 
38 39 
37 
37 

44 
43 
42 
41 



49 
48 
51 
50 





58 
57 







67 
66 68 
67 

71 73 
70 72 73 
71 73 
70 71 72 


77 
76 






85 
84 


























113 115 
112 115 

112 113 





123 

121 








190 




138 
137 

142 
142 
140 141 




















192 







172 
171 















189 
188 
132 
192 193 
163 191 193 194 
191 192 
192 



















215 218 
214 218 


214 215 






226 
225 

230 

228 
















248 
247 
























275 

273 

278 
277 
280 
279 















































329 
328 
331 333 
330 333 

330 331 











346 
345 







355 
354 











396 




373 
372 
375 
374 










387 
386 








367 



401 
400 








