410 0
24 0
2 1 1 1 1 1 1 7 8 6 8 5 7 7 4 8 3 2 1 2 0 1 1 1 1 1 3 3 3 3 1 1 3 3 3 3 3 3 3 3 6 4 4 5 4 1 1 1 1 2 3 0 2 2 2 2 2 2 4 4 4 4 4 0 0 2 3 2 0 5 6 3 3 4 4 5 4 4 1 1 3 1 1 1 1 2 4 4 0 0 7 2 7 6 6 1 4 0 4 8 1 2 11 5 9 4 4 1 4 7 0 5 4 3 3 0 3 10 0 8 4 10 5 10 7 9 12 7 10 6 3 3 6 3 0 0 1 1 3 3 3 3 2 2 0 2 0 8 4 4 4 6 8 10 4 8 0 5 5 8 10 2 4 0 6 1 1 3 6 5 3 2 10 6 9 8 14 7 8 1 9 3 13 3 2 1 1 4 1 3 4 4 4 5 24 13 8 11 13 7 5 7 0 10 7 9 7 7 6 5 6 6 6 3 3 2 3 4 13 1 1 1 1 1 7 4 8 1 12 4 8 10 8 2 14 2 9 6 7 8 4 4 3 0 2 0 1 1 1 1 2 0 1 2 2 0 8 8 12 12 11 9 10 13 14 7 4 3 3 4 3 7 2 2 2 2 2 3 1 1 15 12 12 13 11 1 13 12 1 1 16 14 17 14 10 12 12 16 10 6 4 1 1 2 6 4 6 3 3 1 0 5 0 7 1 1 1 8 3 3 3 3 0 0 0 2 3 8 9 4 5 3 6 3 4 1 0 0 3 5 6 0 3 2 12 4 4 8 2 3 5 2 3 7 5 11 7 7 10 4 4 3 2 0 2 0 4 0 1 0 0 2 2 1 3 7 8 11 8 10 9 4 0 8 2 1 1 0 3 0 1 1 2 1 0 1 1 1 2 3 1 1 2 4 1 1 1 0 0 0 

2 50 
1 
4 
3 
6 
5 
22 
9 10 11 12 14 16 23 
8 10 11 12 13 14 15 16 
8 9 11 13 14 16 
8 9 10 12 13 14 15 16 
8 9 11 14 16 
9 10 11 14 15 16 26 
8 9 10 11 12 13 16 
9 11 13 16 
8 9 10 11 12 13 14 15 
18 19 20 
17 20 
17 
17 18 

7 
8 
25 
24 
13 
28 29 30 
27 29 30 
27 28 30 
27 28 29 
32 
31 
34 35 36 
33 35 36 
33 34 36 
33 34 35 
38 39 40 
37 39 40 
37 38 40 
37 38 39 
42 43 44 45 71 92 
41 43 44 45 
41 42 44 45 
41 42 43 45 92 
41 42 43 44 
47 
46 
49 
48 
1 51 
50 67 168 

54 55 
53 55 
53 54 
57 58 
56 58 
56 57 
60 61 62 63 
59 61 62 63 
59 60 62 63 
59 60 61 63 
59 60 61 62 


67 68 
51 66 68 
66 67 

71 72 73 87 88 
41 70 72 73 87 88 
70 71 73 
70 71 72 
75 76 77 78 
74 76 77 78 
74 75 77 78 81 
74 75 76 78 
74 75 76 77 
80 
79 
76 82 83 
81 
81 
85 
84 
87 88 
70 71 86 88 
70 71 86 87 


93 95 97 100 103 104 105 
41 44 
91 94 95 100 103 105 110 
93 95 100 103 107 112 
91 93 94 103 104 105 
99 
91 100 103 105 

96 103 105 109 
91 93 94 97 105 106 110 122 
102 
101 110 
91 93 94 95 97 99 104 105 108 113 122 
91 95 103 105 110 
91 93 95 97 99 100 103 104 122 
100 107 109 110 
94 106 109 110 
103 
99 106 107 110 
93 100 102 104 106 107 109 

94 113 114 115 190 
103 112 114 115 
112 113 115 
112 113 114 

124 131 132 
120 122 124 125 126 127 128 129 130 133 

118 123 124 125 126 127 129 130 
123 124 127 129 
100 103 105 118 126 127 128 129 133 134 
120 121 124 127 129 
117 118 120 121 123 125 127 129 130 131 
118 120 124 126 127 129 130 
118 120 122 125 127 128 129 130 133 
118 120 121 122 123 124 125 126 128 129 130 133 
118 122 126 127 129 133 134 
118 120 121 122 123 124 125 126 127 128 
118 120 124 125 126 127 
117 124 132 
117 131 190 
118 122 126 127 128 134 
122 128 133 


138 
137 
140 141 142 
139 141 142 
139 140 142 
139 140 141 
144 146 
143 146 

143 144 

151 152 153 154 155 173 177 183 
158 160 161 165 
158 159 160 161 
148 154 161 165 
148 153 154 155 159 165 
148 152 154 156 159 160 161 162 
148 151 152 153 155 156 158 160 161 165 
148 152 154 156 
153 154 155 159 160 161 177 183 

149 150 154 160 161 
150 152 153 156 161 
149 150 153 154 156 158 161 162 
149 150 151 153 154 156 158 159 160 165 
153 160 
191 192 193 194 

149 151 152 154 161 173 
188 
168 
51 167 190 
173 175 177 179 181 183 
175 176 177 181 183 
172 177 179 
171 177 
148 165 169 174 175 176 177 178 181 183 
173 177 179 181 182 183 
169 170 173 176 177 178 181 183 184 
170 173 175 177 178 180 181 183 
148 156 169 170 171 172 173 174 175 176 178 179 183 184 
173 175 176 177 179 181 185 
169 171 174 177 178 183 185 251 
176 
169 170 173 174 175 176 178 182 183 
174 181 183 
148 156 169 170 173 174 175 176 177 179 181 182 184 
175 177 183 
178 179 
187 
186 
166 189 222 272 
188 
112 132 168 
163 192 193 194 
163 191 193 194 
163 191 192 194 
163 191 192 193 204 
196 197 198 199 202 204 205 206 207 219 229 235 257 258 259 260 261 262 263 264 265 266 287 299 
195 197 198 199 200 201 202 204 205 206 207 219 229 
195 196 198 199 204 205 206 219 
195 196 197 199 200 204 206 207 219 240 241 
195 196 197 198 200 201 202 204 205 206 207 219 240 
196 198 199 201 202 204 206 
196 199 200 202 204 
195 196 199 200 201 204 219 

194 195 196 197 198 199 200 201 202 219 
195 196 197 199 206 207 219 
195 196 197 198 199 200 205 207 219 
195 196 198 199 205 206 219 
209 210 211 212 213 218 242 
208 210 211 212 213 242 
208 209 211 212 213 
208 209 210 212 213 243 
208 209 210 211 213 242 
208 209 210 211 212 243 
215 217 218 
214 217 218 
259 260 
214 215 218 
208 214 215 217 
195 196 197 198 199 202 204 205 206 207 229 231 240 
221 
220 
188 
224 
223 
226 227 229 233 234 236 239 
225 227 229 233 
225 226 229 232 233 237 238 240 
230 
195 196 219 225 226 227 231 232 237 239 240 241 
228 270 360 362 
219 229 232 233 237 238 239 240 
227 229 231 233 235 237 239 241 245 255 
225 226 227 231 232 235 238 240 
225 237 
195 232 233 237 258 259 260 261 262 263 264 265 266 291 
225 238 
227 229 231 232 234 235 238 239 240 
227 231 233 236 237 239 
225 229 231 232 237 238 241 
198 199 219 227 229 231 233 237 
198 229 232 239 
208 209 212 243 
211 213 242 

232 255 

248 
247 
250 
249 
179 254 

254 
251 253 
232 245 

195 260 261 262 263 264 265 267 
195 235 259 260 261 263 264 267 
195 216 235 258 260 261 262 263 264 265 293 314 
195 216 235 257 258 259 261 262 263 264 265 266 
195 235 257 258 259 260 262 263 264 265 291 
195 235 257 259 260 261 263 264 265 
195 235 257 258 259 260 261 262 264 265 
195 235 257 258 259 260 261 262 263 265 266 267 298 
195 235 257 259 260 261 262 263 264 266 267 288 326 327 
195 235 260 264 265 296 297 
257 258 264 265 
269 270 271 
268 270 271 
230 268 269 271 
268 269 270 
188 312 347 354 356 359 369 
274 275 
273 275 
273 274 
277 278 
276 278 
276 277 286 
280 
279 
282 283 284 285 287 288 291 292 293 294 295 298 299 301 314 
281 283 284 285 287 291 292 293 294 296 297 298 
281 282 285 287 288 291 293 294 295 298 301 314 
281 282 285 287 288 291 292 293 294 296 297 298 300 
281 282 283 284 291 292 293 295 297 298 300 
278 
195 281 282 283 284 288 291 292 294 295 296 298 299 
265 281 283 284 287 292 293 294 295 298 299 314 
290 
289 
235 261 281 282 283 284 285 287 292 293 294 296 297 298 300 314 
281 282 284 285 287 288 291 293 294 295 296 297 298 299 
259 281 282 283 284 285 288 291 292 294 295 296 297 298 299 300 301 
281 282 283 284 287 288 291 292 293 296 297 298 299 314 
281 283 285 287 288 292 293 296 297 299 
266 282 284 287 291 292 293 294 295 297 298 301 
266 282 284 285 291 292 293 294 295 296 298 300 
264 281 282 283 284 285 287 288 291 292 293 294 296 297 299 300 
195 281 287 288 292 293 294 295 298 314 
284 285 291 293 297 298 
281 283 293 296 
303 
302 
305 307 
304 306 307 308 310 312 
305 307 309 312 
304 305 306 308 309 312 
305 307 317 
306 307 312 
305 

272 305 306 307 309 

259 281 283 288 291 294 299 
316 
315 
308 
328 329 376 377 378 380 381 384 
320 321 322 
319 321 322 
319 320 322 
319 320 321 



265 327 
265 326 331 
318 329 378 379 380 381 382 384 
318 328 376 377 378 379 380 381 382 
331 332 333 334 
327 330 332 333 334 
330 331 333 
330 331 332 334 372 373 
330 331 333 
336 375 399 400 
335 


340 341 349 
339 341 343 349 350 
339 340 343 344 350 367 

340 341 350 
341 367 
346 347 348 351 354 355 356 358 359 385 391 394 
345 348 356 385 
272 345 354 356 
345 346 351 352 356 357 358 359 
339 340 
340 341 343 
345 348 357 358 359 
348 359 
360 361 363 
272 345 347 355 356 357 358 
345 354 356 357 359 
272 345 346 347 348 354 355 357 358 359 365 
348 351 354 355 356 358 359 
345 348 351 354 356 357 359 
272 345 348 351 352 355 356 357 358 365 
230 353 361 362 
353 360 362 363 
230 360 361 
353 361 

356 359 

341 344 392 396 

272 


333 373 
333 372 
375 
335 374 399 
318 329 377 378 379 380 384 
318 329 376 378 379 380 381 384 
318 328 329 376 377 379 380 381 384 389 393 
328 329 376 377 378 380 381 384 
318 328 329 376 377 378 379 381 382 384 
318 328 329 377 378 379 380 382 384 
328 329 380 381 

318 328 376 377 378 379 380 381 
345 346 
387 
386 

378 393 404 

345 
367 
378 389 
345 

367 
398 
397 
335 375 
335 401 404 
400 
403 
402 404 
389 400 403 405 
404 
407 
406 


