410 0
50 0
5 8 7 4 9 8 7 12 14 10 14 16 13 11 7 16 6 4 13 4 2 2 8 4 3 6 5 8 4 5 2 9 7 3 6 8 17 13 15 8 17 26 10 18 8 3 11 10 5 33 50 4 2 8 8 11 6 13 5 7 5 6 8 9 5 11 12 3 5 14 16 11 11 23 14 9 10 15 1 5 14 2 3 10 14 6 20 14 4 15 21 2 22 20 25 15 17 1 14 29 13 16 26 17 23 15 12 15 21 19 6 26 23 5 15 7 24 21 1 22 19 32 19 20 21 19 17 15 17 13 10 25 19 16 1 7 4 6 4 16 8 13 8 20 7 18 13 31 19 14 13 17 17 23 16 21 17 17 13 18 34 15 14 22 24 11 8 15 22 16 28 14 22 22 20 18 23 18 23 9 33 13 24 12 6 1 12 30 2 13 7 13 13 10 43 22 25 26 28 18 15 24 1 18 14 23 25 14 14 16 12 12 11 14 19 13 7 14 34 2 10 7 9 9 15 16 23 17 25 26 25 23 21 10 43 17 24 22 22 27 17 12 10 17 8 2 13 8 8 8 5 9 3 3 8 2 28 24 25 25 27 23 21 28 34 17 17 8 3 11 4 47 5 5 6 3 8 11 5 9 24 24 24 23 21 7 26 31 2 3 26 33 27 31 24 26 27 25 29 20 20 7 4 9 13 11 15 15 14 5 2 17 1 23 8 3 7 22 8 4 8 3 4 6 9 8 13 15 14 12 11 12 15 11 19 7 5 8 14 17 20 7 7 9 25 16 14 19 7 7 14 9 12 16 15 20 14 15 27 6 13 8 10 7 11 6 20 6 8 1 15 8 8 14 9 16 14 18 16 14 12 11 8 13 10 16 9 4 20 1 3 2 7 4 4 2 4 1 12 17 3 6 8 10 4 5 8 9 2 4 

2 5 6 50 51 
1 6 39 40 50 70 72 108 
4 5 8 9 12 16 42 
3 8 12 90 
1 3 6 7 9 11 12 16 19 
1 2 5 7 9 11 12 14 
5 6 21 22 37 48 51 
3 4 9 10 11 12 13 14 15 16 23 48 
3 5 6 8 10 11 12 13 14 15 16 19 26 39 
8 9 11 12 13 14 15 16 23 26 
5 6 8 9 10 12 13 14 15 16 23 26 32 48 
3 4 5 6 8 9 10 11 13 14 16 17 20 23 26 36 
8 9 10 11 12 14 15 16 18 23 26 35 49 
6 8 9 10 11 12 13 15 16 19 23 
8 9 10 11 13 14 16 
3 5 8 9 10 11 12 13 14 15 17 19 23 33 35 36 
12 16 18 19 20 23 
13 17 19 20 
5 9 14 16 17 18 20 38 42 74 75 76 77 
12 17 18 19 
7 22 
7 21 
8 10 11 12 13 14 16 17 
25 47 71 73 
24 30 32 
9 10 11 12 13 32 
28 29 30 41 44 
27 29 30 41 42 44 47 52 
27 28 30 44 
25 27 28 29 32 
32 50 
11 25 26 30 31 41 44 50 51 
16 34 35 36 37 63 69 
33 35 36 
13 16 33 34 36 51 
12 16 33 34 35 44 51 66 
7 33 38 39 40 41 42 43 44 48 49 50 51 62 65 71 100 
19 37 39 40 42 45 51 72 74 78 95 100 109 
2 9 37 38 40 41 42 43 45 47 48 58 64 65 70 
2 37 38 39 51 52 84 85 
27 28 32 37 39 42 43 44 45 51 52 54 55 57 71 77 92 
3 19 28 37 38 39 41 43 44 45 51 54 56 58 60 62 67 71 72 73 74 77 88 93 100 105 
37 39 41 42 44 45 54 88 93 105 
27 28 29 32 36 37 41 42 43 45 69 71 73 75 77 78 87 92 
38 39 41 42 43 44 51 74 
47 50 54 
24 28 39 46 50 51 55 70 73 75 78 
7 8 11 37 39 49 50 51 80 81 
13 37 48 51 78 
1 2 31 32 37 46 47 48 51 58 74 75 117 123 126 133 136 142 143 144 165 168 169 171 172 173 174 175 176 177 178 179 188 
1 7 32 35 36 37 38 40 41 42 45 47 48 49 50 52 57 64 65 66 67 71 72 74 100 112 117 125 127 133 136 141 142 143 144 154 164 165 168 173 176 178 183 187 188 190 191 205 223 240 
28 40 41 51 
54 55 
41 42 43 46 53 55 64 74 
41 47 53 54 63 64 74 75 
42 57 58 74 75 78 81 112 113 125 144 
41 51 56 58 70 115 
39 42 50 56 57 78 113 124 132 144 171 172 190 
60 61 62 63 76 
42 59 61 62 63 65 78 
59 60 62 63 70 
37 42 59 60 61 63 
33 55 59 60 61 62 70 75 
39 51 54 55 65 69 110 112 113 
37 39 51 60 64 
36 51 67 68 72 74 100 146 152 161 168 
42 51 66 68 74 76 77 170 181 208 210 211 
66 67 80 
33 44 64 80 81 
2 39 47 57 61 63 71 72 73 74 78 87 88 106 
24 37 41 42 44 51 70 72 73 74 84 85 87 88 97 105 
2 38 42 51 66 70 71 73 74 78 122 
24 42 44 47 70 71 72 87 115 122 128 
19 38 42 45 50 51 54 55 56 66 67 70 71 72 75 76 77 78 81 86 87 102 105 
19 44 47 50 55 56 63 74 76 77 78 81 94 95 
19 59 67 74 75 77 78 81 85 
19 41 42 44 67 74 75 76 78 81 
38 44 47 49 56 58 60 70 72 74 75 76 77 81 87 
80 
48 68 69 79 81 
48 56 69 74 75 76 77 78 80 82 83 87 88 119 
81 83 
81 82 87 
40 71 85 87 95 100 112 140 142 144 
40 71 76 84 100 140 141 150 153 158 160 161 162 167 
74 87 88 89 91 103 
44 70 71 73 74 78 81 83 84 86 88 89 94 95 103 110 116 117 118 133 
42 43 70 71 81 86 87 89 91 95 105 121 142 144 
86 87 88 103 
4 91 93 96 97 99 100 101 102 103 104 106 108 109 111 
86 88 90 93 94 95 96 97 98 99 100 101 102 103 104 105 108 110 118 122 125 
41 44 
42 43 90 91 94 95 96 97 99 100 101 102 103 104 105 106 107 108 109 110 118 131 
75 87 91 93 95 96 97 99 100 101 102 103 104 105 107 108 109 110 112 146 
38 75 84 87 88 91 93 94 96 97 100 101 102 103 104 105 106 108 109 110 112 114 115 122 147 
90 91 93 94 95 97 99 100 102 103 104 105 107 109 126 
71 90 91 93 94 95 96 99 100 101 103 104 105 106 108 109 110 
91 
90 91 93 94 96 97 103 104 105 106 107 109 110 123 
37 38 42 51 66 84 85 90 91 93 94 95 96 97 101 102 103 104 105 106 108 109 110 111 116 120 122 133 134 
90 91 93 94 95 97 100 102 103 105 109 110 113 
74 90 91 93 94 95 96 100 101 103 105 106 107 108 110 133 
86 87 89 90 91 93 94 95 96 97 99 100 101 102 104 105 106 107 108 109 110 111 113 122 123 128 
90 91 93 94 95 96 97 99 100 103 105 106 107 109 110 122 145 
42 43 71 74 88 91 93 94 95 96 97 99 100 101 102 103 104 106 109 110 113 122 147 
70 90 93 95 97 99 100 102 103 104 105 107 109 110 116 
93 94 96 99 102 103 104 106 108 109 110 136 
2 90 91 93 94 95 97 100 102 103 107 109 111 122 124 
38 90 93 94 95 96 97 99 100 101 103 104 105 106 107 108 110 111 120 122 133 
64 87 91 93 94 95 97 99 100 101 102 103 104 105 106 107 109 131 140 
90 100 103 108 109 112 
51 56 64 84 94 95 111 113 114 115 120 122 124 125 129 130 132 140 167 168 171 172 177 187 188 190 
56 58 64 101 103 105 112 114 115 120 122 124 125 132 133 134 168 169 171 172 175 187 188 
95 112 113 115 146 
57 73 95 112 113 114 127 132 136 146 171 177 183 188 190 
87 100 106 121 129 136 138 
50 51 87 118 121 122 124 126 127 131 132 147 148 164 168 169 171 178 182 187 188 214 226 233 
87 91 93 117 120 121 122 123 124 125 126 127 128 129 130 132 133 134 136 144 146 
81 
100 109 112 113 118 121 122 123 124 125 126 127 128 129 130 133 134 140 141 163 166 168 
88 116 117 118 120 122 123 124 125 127 129 130 131 132 134 140 142 144 145 
72 73 91 95 100 103 104 105 108 109 112 113 117 118 120 121 123 124 125 126 127 128 129 130 131 132 133 134 144 156 161 168 
50 99 103 118 120 121 122 124 125 126 127 128 129 131 132 134 140 146 160 
58 108 112 113 117 118 120 121 122 123 125 126 127 129 130 131 132 133 144 149 
51 56 91 112 113 118 120 121 122 123 124 126 127 128 129 130 133 144 146 214 215 
50 96 117 118 120 122 123 124 125 127 128 129 130 131 133 134 143 146 167 
51 115 117 118 120 121 122 123 124 125 126 128 129 130 131 132 133 
73 103 118 120 122 123 125 126 127 129 130 133 134 136 146 
112 116 118 120 121 122 123 124 125 126 127 128 130 133 134 144 146 
112 118 120 121 122 124 125 126 127 128 129 132 134 
93 110 117 121 122 123 124 126 127 132 
58 112 113 115 117 118 121 122 123 124 127 130 131 133 134 135 140 168 188 189 190 222 228 230 246 
50 51 87 100 102 109 113 118 120 122 124 125 126 127 128 129 132 134 168 
100 113 118 120 121 122 123 126 128 129 130 132 133 143 171 208 
132 
50 51 107 115 116 118 128 
138 144 145 166 
116 137 142 144 145 146 
140 141 142 145 
84 85 110 112 120 121 123 132 139 141 142 144 145 146 187 190 
51 85 120 139 140 142 144 166 
50 51 84 88 121 138 139 140 141 143 146 147 166 
50 51 126 134 142 144 146 168 
50 51 56 58 84 88 118 121 122 124 125 129 137 138 140 141 143 146 147 168 
104 121 137 138 139 140 146 
66 94 114 115 118 123 125 126 128 129 138 140 142 143 144 145 147 165 
95 105 117 142 144 146 161 192 215 218 222 225 235 
117 149 150 151 152 153 154 155 156 157 158 159 160 161 162 164 165 169 170 171 173 174 175 177 178 179 181 182 183 188 219 
124 148 150 151 152 153 154 155 156 157 158 160 161 164 165 166 167 171 172 
85 148 149 151 152 153 154 155 156 158 159 160 161 164 
148 149 150 152 154 155 157 160 161 165 177 183 204 
66 148 149 150 151 153 154 155 156 157 158 159 160 161 162 164 165 
85 148 149 150 152 154 155 156 158 159 160 161 162 164 165 177 181 
51 148 149 150 151 152 153 155 156 157 158 159 160 161 162 164 165 169 175 177 179 183 193 
148 149 150 151 152 153 154 156 157 158 159 160 161 162 165 181 
122 148 149 150 152 153 154 155 158 159 160 161 162 164 165 177 179 181 183 219 224 
148 149 151 152 154 155 158 159 160 161 162 165 169 170 173 174 199 
85 148 149 150 152 153 154 155 156 157 159 160 161 162 164 165 181 
148 150 152 153 154 155 156 157 158 160 161 162 164 
85 123 148 149 150 151 152 153 154 155 156 157 158 159 161 162 164 181 
66 85 122 147 148 149 150 151 152 153 154 155 156 157 158 159 160 162 163 164 165 169 173 174 175 178 181 183 188 192 212 214 215 218 
85 148 152 153 154 155 156 157 158 159 160 161 164 165 181 
120 161 176 191 192 193 194 198 199 202 206 215 244 247 
51 117 148 149 150 152 153 154 156 158 159 160 161 162 165 166 174 178 181 182 183 184 
50 51 146 148 149 151 152 153 154 155 156 157 158 161 162 164 171 173 174 177 181 183 207 219 
120 137 141 142 149 164 174 188 190 207 255 
85 112 126 149 168 172 187 190 
50 51 66 112 113 117 120 122 132 133 143 144 167 187 190 
50 113 117 148 154 157 161 170 171 172 173 174 175 176 177 179 180 181 182 183 184 185 
67 148 157 169 171 173 174 175 176 177 178 179 180 181 182 183 
50 58 112 113 115 117 134 148 149 165 169 170 172 173 174 175 177 179 181 184 212 214 218 223 224 228 233 238 
50 58 112 113 149 167 169 171 173 175 177 203 215 233 
50 51 148 157 161 165 169 170 171 172 174 175 176 177 178 179 181 182 183 184 185 235 
50 148 157 161 164 165 166 169 170 171 173 175 176 177 178 179 181 182 183 184 185 224 
50 113 148 154 161 169 170 171 172 173 174 176 177 178 179 181 183 184 206 219 
50 51 163 169 170 173 174 175 177 178 179 180 181 182 183 184 193 219 
50 112 115 148 151 153 154 156 165 169 170 171 172 173 174 175 176 178 179 181 182 183 184 
50 51 117 148 161 164 170 173 174 175 176 177 179 180 181 183 184 185 
50 148 154 156 169 170 171 173 174 175 176 177 178 180 181 182 183 185 232 251 253 254 255 
169 170 176 178 179 181 183 184 206 
67 148 153 155 156 158 160 161 162 164 165 169 170 171 173 174 175 176 177 178 179 180 182 183 184 185 187 198 199 200 202 207 208 
117 148 164 169 170 173 174 176 177 179 181 183 206 
51 115 148 151 154 156 161 164 165 169 170 173 174 175 176 177 178 179 180 181 182 184 211 219 
164 169 171 173 174 175 176 177 178 180 181 183 
169 173 174 178 179 181 
187 
51 112 113 117 140 167 168 181 186 190 243 245 
50 51 112 113 115 117 132 148 161 166 189 190 214 215 222 230 259 264 265 270 271 272 283 284 286 287 298 300 308 309 
132 188 
51 58 112 115 132 140 166 167 168 187 188 228 242 
51 163 192 193 194 215 217 
147 161 163 191 193 194 202 212 213 217 247 252 259 
154 163 176 191 192 194 198 199 201 202 214 244 312 
163 191 192 193 200 204 207 219 244 247 
196 197 198 199 200 202 204 205 206 207 210 215 216 218 219 226 229 231 235 236 237 238 241 248 257 258 259 260 261 262 263 264 265 266 267 277 278 283 287 291 292 299 323 
195 197 198 199 200 201 202 204 205 206 207 209 215 219 227 229 231 232 236 237 239 241 
195 196 198 199 200 201 202 204 205 206 207 216 219 227 229 231 232 233 235 236 238 239 240 241 248 
163 181 193 195 196 197 199 200 201 202 204 205 206 207 219 222 227 231 232 236 237 238 239 240 241 248 
157 163 181 193 195 196 197 198 200 201 202 204 205 206 207 218 219 227 228 229 231 235 236 237 238 239 240 255 
181 194 195 196 197 198 199 201 202 204 205 206 207 219 231 233 240 244 
193 196 197 198 199 200 202 204 206 207 219 229 235 240 241 
163 181 192 193 195 196 197 198 199 200 201 204 205 206 207 209 211 213 215 219 232 237 238 240 
172 
151 194 195 196 197 198 199 200 201 202 205 207 219 227 228 230 231 247 
51 195 196 197 198 199 200 202 204 206 207 209 219 239 
163 175 180 182 195 196 197 198 199 200 201 202 205 207 210 214 215 219 231 237 238 239 240 
165 166 181 194 195 196 197 198 199 200 201 202 204 205 206 214 219 226 231 232 233 235 238 239 241 
67 134 181 209 210 211 212 213 214 215 218 227 242 243 
196 202 205 208 210 211 212 213 227 242 243 247 250 252 
67 195 206 208 209 211 212 213 214 218 219 229 230 242 243 247 
67 183 202 208 209 210 212 213 215 227 242 243 
161 171 192 208 209 210 211 213 231 242 243 244 
192 202 208 209 210 211 212 219 230 242 243 
117 125 161 171 188 193 206 207 208 210 215 217 218 224 
125 147 161 163 172 188 191 195 196 202 206 208 211 214 217 218 219 220 244 
195 197 240 257 258 259 260 261 262 264 265 281 288 
191 192 214 215 218 221 244 
147 161 171 195 199 208 210 214 215 217 219 221 229 245 
148 156 165 175 176 183 194 195 196 197 198 199 200 201 202 204 205 206 207 210 213 215 218 222 227 229 230 231 232 236 238 240 241 251 
215 221 
217 218 220 223 230 235 242 249 268 270 
132 147 188 198 219 244 255 
51 171 221 224 228 233 237 240 243 
156 171 174 214 223 228 230 237 240 
147 226 227 228 229 230 233 234 235 236 237 238 239 240 241 
117 195 207 225 227 228 229 230 231 232 233 235 237 238 239 241 
196 197 198 199 204 208 209 211 219 225 226 228 229 231 232 233 235 236 237 238 239 240 241 
132 171 190 199 204 223 224 225 226 227 229 230 272 319 321 331 343 
195 196 197 199 201 210 218 219 225 226 227 228 230 231 232 233 234 235 236 237 238 239 240 241 250 
132 188 204 210 213 219 221 224 225 226 228 229 239 242 245 260 270 272 331 334 335 336 353 360 361 362 
195 196 197 198 199 200 204 206 207 212 219 226 227 229 232 233 234 235 236 237 238 239 240 241 244 
179 196 197 198 202 207 219 226 227 229 231 233 234 235 236 237 238 239 240 241 245 251 255 
117 171 172 197 200 207 223 225 226 227 229 231 232 235 236 237 238 239 240 247 248 
225 229 231 232 235 236 237 238 239 240 
147 173 195 197 199 201 207 221 225 226 227 229 231 232 233 234 237 238 239 240 241 244 247 257 258 259 260 261 262 263 264 265 266 270 287 288 291 292 294 296 299 313 314 
195 196 197 198 199 219 225 227 229 231 232 233 234 237 238 239 240 
195 196 198 199 202 206 223 224 225 226 227 229 231 232 233 234 235 236 238 239 240 241 248 250 
171 195 197 198 199 202 206 207 219 225 226 227 229 231 232 233 234 235 236 237 239 240 
196 197 198 199 205 206 207 225 226 227 229 230 231 232 233 234 235 236 237 238 240 241 
51 197 198 199 200 201 202 206 216 219 223 224 225 227 229 231 232 233 234 235 236 237 238 239 241 244 246 
195 196 197 198 201 207 219 225 226 227 229 231 232 235 237 239 240 
190 208 209 210 211 212 213 221 230 243 244 245 
187 208 209 210 211 212 213 223 242 249 
163 193 194 200 212 215 217 222 231 235 240 242 247 248 252 255 264 
187 218 230 232 242 250 252 255 
132 240 
163 192 194 204 209 210 233 235 244 248 250 252 287 
195 197 198 233 237 244 247 277 
221 243 250 252 256 257 294 302 
209 229 237 245 247 249 252 257 
179 219 232 253 254 
192 209 244 245 247 249 250 256 257 
179 251 254 
179 251 253 
166 179 199 222 232 244 245 265 
249 252 
195 216 235 249 250 252 258 259 260 261 262 263 264 265 266 267 281 282 287 288 291 292 295 296 297 300 312 314 
195 216 235 257 259 260 261 262 263 264 265 266 267 268 281 282 283 284 288 292 294 298 299 314 
188 192 195 216 235 257 258 260 261 262 263 264 265 266 267 281 285 292 293 294 295 296 297 299 314 
195 216 230 235 257 258 259 261 262 263 264 265 266 267 277 282 283 285 287 292 293 294 295 297 299 
195 216 235 257 258 259 260 262 263 264 265 266 267 268 270 281 288 290 291 293 294 296 297 298 299 300 315 
195 216 235 257 258 259 260 261 263 264 265 266 267 282 283 284 288 293 295 299 300 301 314 
195 235 257 258 259 260 261 262 264 265 266 267 272 287 288 291 292 297 300 305 307 
188 195 216 235 244 257 258 259 260 261 262 263 265 266 267 272 278 281 282 292 295 296 298 299 300 301 308 309 
188 195 216 235 255 257 258 259 260 261 262 263 264 266 267 274 281 283 288 291 292 293 294 296 298 299 301 307 308 312 314 321 326 327 
195 235 257 258 259 260 261 262 263 264 265 267 288 293 294 296 297 
195 257 258 259 260 261 262 263 264 265 266 282 292 294 297 298 299 
221 258 261 269 270 271 288 292 
268 270 271 
188 221 230 235 261 268 269 271 277 292 294 
188 268 269 270 
188 228 230 263 264 285 290 291 294 297 305 306 307 312 314 318 319 321 324 327 328 331 333 336 338 339 340 341 345 346 347 348 351 354 355 356 357 358 359 365 369 371 373 376 377 379 385 
274 275 278 286 315 
265 273 275 278 309 
273 274 278 286 301 308 
277 278 286 
195 248 260 270 276 278 286 308 
195 264 273 274 275 276 277 286 303 309 315 
280 295 300 308 317 
279 281 284 293 294 297 308 317 321 
216 257 258 259 261 264 265 280 282 283 284 285 287 288 291 292 293 294 295 296 298 299 301 314 
257 258 260 262 264 267 281 283 284 285 287 288 291 292 293 294 295 296 297 298 299 300 301 314 
188 195 258 260 262 265 281 282 284 285 287 288 291 292 293 294 295 296 297 298 299 301 314 324 
188 258 262 280 281 282 283 285 287 288 291 292 293 294 295 296 297 298 299 300 301 305 314 
259 260 272 281 282 283 284 287 288 291 292 293 294 295 296 297 298 299 300 301 309 
188 273 275 276 277 278 315 
188 195 235 247 257 260 263 281 282 283 284 285 288 291 292 293 294 295 296 297 298 299 300 301 304 314 
216 235 257 258 261 262 263 265 266 268 281 282 283 284 285 287 291 292 293 294 295 296 297 298 299 300 301 303 304 305 314 
290 301 
261 272 289 
195 235 257 261 263 265 272 281 282 283 284 285 287 288 292 293 294 295 296 297 298 299 300 301 314 323 
195 235 257 258 259 260 263 264 265 267 268 270 281 282 283 284 285 287 288 291 293 294 295 296 297 298 299 300 301 307 312 314 324 
259 260 261 262 265 266 280 281 282 283 284 285 287 288 291 292 294 295 296 297 298 299 300 301 305 309 314 
235 249 258 259 260 261 265 266 267 270 272 280 281 282 283 284 285 287 288 291 292 293 295 296 297 298 299 300 301 302 314 
257 259 260 262 264 279 281 282 283 284 285 287 288 291 292 293 294 296 297 298 299 301 302 314 
235 257 259 261 264 265 266 281 282 283 284 285 287 288 291 292 293 294 295 297 298 299 300 301 312 314 
257 259 260 261 263 266 267 272 280 282 283 284 285 287 288 291 292 293 294 295 296 298 299 300 307 312 314 
188 258 261 264 265 267 281 282 283 284 285 287 288 291 292 293 294 295 296 297 299 300 301 314 318 
195 235 258 259 260 261 262 264 265 267 281 282 283 284 285 287 288 291 292 293 294 295 296 297 298 300 301 312 314 
188 257 261 262 263 264 279 282 284 285 287 288 291 292 293 294 296 297 298 299 
262 264 265 275 281 282 283 284 285 287 288 289 291 292 293 294 295 296 298 299 
249 294 295 303 311 336 370 
278 288 302 311 
287 288 305 306 307 308 309 312 325 
263 272 284 288 293 304 306 307 308 309 310 312 325 
272 304 305 307 308 309 310 312 320 321 324 
263 265 272 292 297 304 305 306 308 309 310 312 319 323 325 
188 264 265 275 277 279 280 304 305 306 307 309 312 317 318 
188 264 274 278 285 293 304 305 306 307 308 312 314 324 
305 306 307 312 325 
302 303 
193 257 265 272 292 296 297 299 304 305 306 307 308 309 310 323 325 
235 
235 257 258 259 262 265 272 281 282 283 284 287 288 291 292 293 294 295 296 297 298 299 309 
261 273 278 286 316 317 318 325 
315 317 318 
279 280 308 315 316 319 325 
272 298 308 315 316 328 329 341 346 353 371 376 377 378 379 380 381 382 383 384 386 389 
228 272 307 317 320 321 322 325 
306 319 321 322 
228 265 272 280 306 319 320 322 
319 320 321 
195 291 307 312 
272 283 292 306 309 325 
304 305 307 310 312 315 317 319 324 
265 327 330 331 334 354 372 373 
265 272 326 330 331 332 333 337 338 366 368 369 371 
272 318 329 339 348 376 377 378 379 380 381 382 383 384 386 
318 328 340 341 359 366 376 377 378 379 380 381 382 384 
326 327 331 332 333 334 338 349 361 363 372 373 
228 230 272 326 327 330 332 333 334 341 350 
327 330 331 333 334 336 351 356 357 358 361 373 
272 327 330 331 332 334 335 338 340 344 350 361 363 372 373 
230 326 330 331 332 333 338 340 360 361 362 
230 333 336 337 338 342 356 361 362 367 374 375 386 387 389 395 399 400 404 
230 272 302 332 335 338 367 
327 335 338 355 359 
272 327 330 333 334 335 336 337 
272 328 340 341 342 343 344 345 346 349 350 356 359 367 
272 329 333 334 339 341 342 343 345 348 349 350 353 359 365 367 372 
272 318 329 331 339 340 342 343 344 345 349 350 354 355 367 368 372 377 379 382 
335 339 340 341 343 349 350 
228 339 340 341 342 344 350 
333 339 341 343 351 355 367 368 402 
272 339 340 341 346 347 348 351 352 354 355 356 357 358 359 364 365 374 385 386 387 388 391 394 400 
272 318 339 345 347 348 356 357 358 359 369 371 378 385 386 394 
272 345 346 348 351 354 355 356 357 358 359 364 365 366 
272 328 340 345 346 347 351 352 354 355 356 357 358 359 361 364 365 368 371 
330 339 340 341 342 367 368 
331 333 339 340 341 342 343 
272 332 344 345 347 348 352 354 355 356 357 358 359 365 
345 348 351 355 356 357 358 359 364 
230 318 340 356 359 360 361 362 363 367 368 371 
272 326 341 345 347 348 351 355 356 357 358 359 363 364 365 369 
272 337 341 344 345 347 348 351 352 354 356 357 358 359 365 
272 332 335 339 345 346 347 348 351 352 353 354 355 357 358 359 361 365 366 369 
272 332 345 346 347 348 351 352 354 355 356 358 359 364 
272 332 345 346 347 348 351 352 354 355 356 357 359 363 365 
272 329 337 339 340 345 346 347 348 351 352 353 354 355 356 357 358 362 363 364 365 369 374 376 379 380 385 
230 334 353 361 362 363 
230 330 332 333 334 335 348 353 356 360 362 363 367 
230 334 335 353 359 360 361 363 
330 333 353 354 358 359 360 361 362 367 
345 347 348 352 354 357 359 
272 340 345 347 348 351 354 355 356 358 359 
327 329 347 356 367 371 
335 336 339 340 341 344 349 353 361 363 366 378 386 388 392 396 400 406 407 408 
327 341 344 348 349 353 
272 327 346 354 356 359 371 376 
302 
272 318 327 346 348 353 366 369 378 384 388 393 402 403 407 
326 330 333 340 341 373 376 400 
272 326 330 332 333 372 374 400 
335 345 359 373 375 379 380 381 386 388 389 399 403 408 
335 374 377 379 380 385 389 399 400 
272 318 328 329 359 369 372 377 378 379 380 381 382 383 384 386 
272 318 328 329 341 375 376 378 379 380 381 382 383 384 
318 328 329 346 367 371 376 377 379 380 381 382 383 384 386 387 389 393 
272 318 328 329 341 359 374 375 376 377 378 380 381 382 384 386 
318 328 329 359 374 375 376 377 378 379 381 382 383 384 
318 328 329 374 376 377 378 379 380 382 383 384 
318 328 329 341 376 377 378 379 380 381 384 
318 328 376 377 378 380 381 384 
318 328 329 371 376 377 378 379 380 381 382 383 389 
272 345 346 359 375 386 389 391 394 400 
318 328 335 345 346 367 374 376 378 379 385 387 389 393 395 400 
335 345 378 386 389 395 400 404 410 
345 367 371 374 
318 335 374 375 378 384 385 386 387 390 392 393 399 400 403 404 407 408 409 410 
389 
345 385 394 
367 389 
371 378 386 389 395 399 402 
345 346 385 391 
335 386 387 393 
367 408 
398 399 400 405 
397 
335 374 375 389 393 397 400 402 403 404 407 408 
335 345 367 372 373 375 385 386 387 389 397 399 401 404 408 409 410 
400 406 408 
344 371 393 399 403 405 
371 374 389 399 402 404 406 407 
335 387 389 399 400 403 405 407 408 410 
397 402 404 406 
367 401 403 405 407 
367 371 389 399 403 404 406 408 
367 374 389 396 399 400 401 404 407 
389 400 
387 389 400 404 