410 0
15 0
2 1 1 1 1 1 0 5 6 2 7 5 1 5 2 6 2 2 0 2 0 0 0 1 1 1 3 3 3 3 1 1 3 3 3 3 2 3 3 2 4 4 3 4 4 1 1 1 1 2 2 0 2 2 2 2 2 2 4 4 3 2 3 0 0 2 3 2 0 3 4 3 3 4 4 4 4 4 1 1 2 1 1 1 1 2 2 3 0 0 1 1 2 1 2 1 0 0 2 2 1 2 0 0 3 0 0 0 0 1 0 3 3 2 2 0 3 6 0 3 3 5 3 8 6 3 5 4 5 3 3 3 2 2 0 0 1 1 3 3 3 3 2 2 0 2 0 2 0 2 0 2 5 1 1 2 0 2 1 5 4 2 3 0 0 0 1 1 2 1 1 1 3 2 5 2 4 2 1 0 2 0 3 1 1 1 1 2 1 1 3 4 4 4 15 10 5 7 11 6 5 6 0 7 4 5 2 5 4 5 5 5 5 3 3 0 3 3 8 1 1 0 1 1 2 3 1 1 6 2 2 3 3 1 5 1 3 1 0 1 2 1 2 0 1 0 1 1 1 1 0 0 1 1 2 0 5 4 7 7 9 7 5 10 9 3 1 2 2 3 3 3 2 2 2 2 2 3 1 1 6 5 3 9 5 1 6 6 0 0 5 9 7 5 6 7 7 5 3 1 1 1 1 0 3 1 4 0 1 1 0 2 0 1 1 1 0 3 2 2 1 1 0 0 0 2 2 2 2 4 4 3 4 3 2 1 0 0 3 3 4 0 1 2 8 2 1 5 2 2 3 1 1 4 1 5 4 4 6 2 2 3 1 0 0 0 3 0 1 0 0 1 1 1 1 3 6 7 2 4 4 0 0 3 2 1 1 0 3 0 0 1 2 1 0 1 0 0 1 1 1 1 1 2 1 1 1 0 0 0 

2 50 
1 
4 
3 
6 
5 

9 11 12 14 16 
8 11 12 14 15 16 
11 16 
8 9 10 12 14 15 16 
8 9 11 14 16 
26 
8 9 11 12 16 
9 11 
8 9 10 11 12 14 
18 20 
17 20 

17 18 



25 
24 
13 
28 29 30 
27 29 30 
27 28 30 
27 28 29 
32 
31 
34 35 36 
33 35 36 
33 34 36 
33 34 35 
38 39 
37 39 40 
37 38 40 
38 39 
42 44 45 92 
41 43 44 45 
42 44 45 
41 42 43 45 
41 42 43 44 
47 
46 
49 
48 
1 51 
50 67 

54 55 
53 55 
53 54 
57 58 
56 58 
56 57 
60 61 62 63 
59 61 62 63 
59 60 63 
59 60 
59 60 61 


67 68 
51 66 68 
66 67 

71 72 73 
70 72 73 88 
70 71 73 
70 71 72 
75 76 77 78 
74 76 77 78 
74 75 77 78 
74 75 76 78 
74 75 76 77 
80 
79 
82 83 
81 
81 
85 
84 
87 88 
86 88 
71 86 87 


100 
41 
95 105 
95 
93 94 
99 


96 105 
91 105 
102 
101 110 


93 99 100 




102 

113 114 115 
112 114 115 
112 113 
112 113 

124 131 132 
122 125 126 127 128 129 

125 127 130 
123 124 129 
118 126 128 133 134 
121 124 127 
117 121 123 125 127 129 130 131 
118 120 124 127 129 130 
118 122 128 
118 120 123 124 125 
118 122 126 129 
118 121 124 125 128 
120 124 125 
117 124 132 
117 131 190 
122 134 
122 133 


138 
137 
140 141 142 
139 141 142 
139 140 142 
139 140 141 
144 146 
143 146 

143 144 

153 173 

160 161 

153 154 
148 152 159 160 162 
152 
156 
155 161 

160 161 
153 
150 153 158 161 162 
150 156 158 160 
153 160 
192 193 194 



168 
167 
175 183 
175 
172 
171 
148 174 177 
173 183 
169 170 176 177 181 
175 181 
173 175 183 184 
179 185 
178 

175 176 

169 174 177 
177 
178 
187 
186 
189 272 
188 
132 
192 193 194 
163 191 193 194 
163 191 192 194 
163 191 192 193 
196 197 198 199 204 206 219 235 257 259 260 261 264 265 266 
195 197 198 199 200 201 202 204 205 219 
195 196 198 199 206 
195 196 197 199 200 219 240 
195 196 197 198 200 201 202 204 205 206 219 
196 198 199 201 202 204 
196 199 200 202 204 
196 199 200 201 204 219 

195 196 199 200 201 202 219 
196 199 206 207 
195 197 199 205 219 
205 219 
209 210 211 212 213 
208 210 212 213 
208 209 211 212 213 
208 210 212 213 243 
208 209 210 211 213 
208 209 210 211 212 
215 217 218 
214 217 218 

214 215 218 
214 215 217 
195 196 198 199 202 204 206 207 
221 
220 

224 
223 
226 229 
225 229 233 
237 
230 
225 226 231 232 237 241 
228 362 
229 233 
229 241 255 
226 231 235 
237 
195 233 261 262 263 
238 
227 229 234 
236 

198 
229 232 
243 
211 242 

255 

248 
247 
250 
249 


254 
253 
232 245 

195 261 262 263 264 
259 260 261 264 
195 258 260 261 262 264 265 
195 258 259 261 262 264 265 
195 235 257 258 259 260 263 264 265 
235 257 259 260 263 264 265 
235 257 261 262 265 
195 257 258 259 260 261 262 265 267 298 
195 259 260 261 262 263 264 326 327 
195 296 297 
264 
270 271 
270 271 
268 269 271 
268 269 270 
188 354 369 
274 275 
273 275 
273 274 
277 278 
276 278 
276 277 286 
280 
279 
282 284 287 288 293 295 
281 284 291 292 297 
287 295 301 
281 282 285 291 292 296 297 298 300 
284 291 292 293 298 
278 
281 283 292 294 295 296 
281 292 293 294 295 299 


282 284 285 297 298 
282 284 285 287 288 293 295 296 297 
281 285 288 292 294 295 296 
287 288 293 296 299 
281 283 287 288 292 293 
266 284 287 292 293 294 297 
266 282 284 291 292 296 298 
264 284 285 291 297 
288 294 314 
284 
283 
303 
302 

307 310 312 
307 
305 306 309 312 

307 
305 

305 307 

299 
316 
315 

378 381 384 
320 321 
319 322 
319 
320 



265 327 
265 326 
329 380 
328 377 
331 332 333 334 
330 332 333 334 
330 331 333 
330 331 332 334 
330 331 333 
336 399 
335 


340 341 349 
339 341 349 
339 340 344 350 

350 
341 367 
346 348 351 354 356 359 385 394 
345 385 
356 
345 351 357 358 359 
339 340 
341 343 
345 348 359 
359 
363 
272 345 355 356 
354 
345 347 354 357 358 
348 356 358 359 
348 356 357 359 
345 348 351 352 357 358 
361 362 
360 362 
230 360 361 
353 



344 392 396 

272 


373 
372 
375 
374 
378 379 380 
329 378 379 380 381 384 
318 376 377 381 384 389 393 
376 377 
328 376 377 381 
318 377 378 380 


318 377 378 
345 346 
387 
386 

378 393 404 


367 
378 389 
345 

367 


335 
401 
400 
403 
402 
389 405 
404 
407 
406 


