17 0
16 0
16 3 3 3 3 3 3 3 3 3 3 3 3 3 3 3 3 

2 3 4 5 6 7 8 9 10 11 12 13 14 15 16 17 
1 3 17 0 0 0 0 0 0 0 0 0 0 0 0 0 
1 2 4 0 0 0 0 0 0 0 0 0 0 0 0 0 
1 3 5 0 0 0 0 0 0 0 0 0 0 0 0 0 
1 4 6 0 0 0 0 0 0 0 0 0 0 0 0 0 
1 5 7 0 0 0 0 0 0 0 0 0 0 0 0 0 
1 6 8 0 0 0 0 0 0 0 0 0 0 0 0 0 
1 7 9 0 0 0 0 0 0 0 0 0 0 0 0 0 
1 8 10 0 0 0 0 0 0 0 0 0 0 0 0 0 
1 9 11 0 0 0 0 0 0 0 0 0 0 0 0 0 
1 10 12 0 0 0 0 0 0 0 0 0 0 0 0 0 
1 11 13 0 0 0 0 0 0 0 0 0 0 0 0 0 
1 12 14 0 0 0 0 0 0 0 0 0 0 0 0 0 
1 13 15 0 0 0 0 0 0 0 0 0 0 0 0 0 
1 14 16 0 0 0 0 0 0 0 0 0 0 0 0 0 
1 15 17 0 0 0 0 0 0 0 0 0 0 0 0 0 
1 2 16 0 0 0 0 0 0 0 0 0 0 0 0 0 