34 0
12 0
10 7 7 7 7 7 6 6 6 7 7 5 1 1 1 1 1 1 1 1 1 1 1 8 8 8 8 8 9 8 8 8 8 12 

24 25 26 27 28 29 30 31 32 33 
28 29 30 31 32 33 34 
25 26 27 31 32 33 34 
24 26 27 29 30 33 34 
24 25 27 28 30 32 34 
24 25 26 28 29 31 34 
26 27 28 29 32 34 
25 27 29 30 31 34 
25 26 28 30 33 34 
24 27 28 29 31 33 34 
24 26 29 30 31 32 34 
24 25 32 33 34 
24 
25 
26 
27 
28 
29 
30 
31 
32 
33 
34 
1 4 5 6 10 11 12 13 
1 3 5 6 8 9 12 14 
1 3 4 6 7 9 11 15 
1 3 4 5 7 8 10 16 
1 2 5 6 7 9 10 17 
1 2 4 6 7 8 10 11 18 
1 2 4 5 8 9 11 19 
1 2 3 6 8 10 11 20 
1 2 3 5 7 11 12 21 
1 2 3 4 9 10 12 22 
2 3 4 5 6 7 8 9 10 11 12 23 