816 408
5 10
5 5 5 5 5 5 5 5 5 5 5 5 5 5 5 5 5 5 5 5 5 5 5 5 5 5 5 5 5 5 5 5 5 5 5 5 5 5 5 5 5 5 5 5 5 5 5 5 5 5 5 5 5 5 5 5 5 5 5 5 5 5 5 5 5 5 5 5 5 5 5 5 5 5 5 5 5 5 5 5 5 5 5 5 5 5 5 5 5 5 5 5 5 5 5 5 5 5 5 5 5 5 5 5 5 5 5 5 5 5 5 5 5 5 5 5 5 5 5 5 5 5 5 5 5 5 5 5 5 5 5 5 5 5 5 5 5 5 5 5 5 5 5 5 5 5 5 5 5 5 5 5 5 5 5 5 5 5 5 5 5 5 5 5 5 5 5 5 5 5 5 5 5 5 5 5 5 5 5 5 5 5 5 5 5 5 5 5 5 5 5 5 5 5 5 5 5 5 5 5 5 5 5 5 5 5 5 5 5 5 5 5 5 5 5 5 5 5 5 5 5 5 5 5 5 5 5 5 5 5 5 5 5 5 5 5 5 5 5 5 5 5 5 5 5 5 5 5 5 5 5 5 5 5 5 5 5 5 5 5 5 5 5 5 5 5 5 5 5 5 5 5 5 5 5 5 5 5 5 5 5 5 5 5 5 5 5 5 5 5 5 5 5 5 5 5 5 5 5 5 5 5 5 5 5 5 5 5 5 5 5 5 5 5 5 5 5 5 5 5 5 5 5 5 5 5 5 5 5 5 5 5 5 5 5 5 5 5 5 5 5 5 5 5 5 5 5 5 5 5 5 5 5 5 5 5 5 5 5 5 5 5 5 5 5 5 5 5 5 5 5 5 5 5 5 5 5 5 5 5 5 5 5 5 5 5 5 5 5 5 5 5 5 5 5 5 5 5 5 5 5 5 5 5 5 5 5 5 5 5 5 5 5 5 5 5 5 5 5 5 5 5 5 5 5 5 5 5 5 5 5 5 5 5 5 5 5 5 5 5 5 5 5 5 5 5 5 5 5 5 5 5 5 5 5 5 5 5 5 5 5 5 5 5 5 5 5 5 5 5 5 5 5 5 5 5 5 5 5 5 5 5 5 5 5 5 5 5 5 5 5 5 5 5 5 5 5 5 5 5 5 5 5 5 5 5 5 5 5 5 5 5 5 5 5 5 5 5 5 5 5 5 5 5 5 5 5 5 5 5 5 5 5 5 5 5 5 5 5 5 5 5 5 5 5 5 5 5 5 5 5 5 5 5 5 5 5 5 5 5 5 5 5 5 5 5 5 5 5 5 5 5 5 5 5 5 5 5 5 5 5 5 5 5 5 5 5 5 5 5 5 5 5 5 5 5 5 5 5 5 5 5 5 5 5 5 5 5 5 5 5 5 5 5 5 5 5 5 5 5 5 5 5 5 5 5 5 5 5 5 5 5 5 5 5 5 5 5 5 5 5 5 5 5 5 5 5 5 5 5 5 5 5 5 5 5 5 5 5 5 5 5 5 5 5 5 5 5 5 5 5 5 5 5 5 5 5 5 5 5 5 5 5 5 5 5 5 5 5 5 5 5 5 5 5 5 5 5 5 5 5 5 5 5 5 5 5 5 5 5 5 5 5 5 5 5 5 5 5 5 5 5 5 5 5 5 5 5 5 5 5 5 5 5 5 5 5 5 5 5 5 5 5 5 5 5 5 5 5 5 5 5 5 5 5 5 5 5 5 5 5 5 5 5 5 5 5 5 5 5 5 5 5 5 5 5 5 5 5 5 5 5 5 5 5 5 5 5 5 5 5 5 5 5 5 5 5 5 5 5 5 5 5 5 5 5 5 5 5 5 5 5 5 5 5 5 
10 10 10 10 10 10 10 10 10 10 10 10 10 10 10 10 10 10 10 10 10 10 10 10 10 10 10 10 10 10 10 10 10 10 10 10 10 10 10 10 10 10 10 10 10 10 10 10 10 10 10 10 10 10 10 10 10 10 10 10 10 10 10 10 10 10 10 10 10 10 10 10 10 10 10 10 10 10 10 10 10 10 10 10 10 10 10 10 10 10 10 10 10 10 10 10 10 10 10 10 10 10 10 10 10 10 10 10 10 10 10 10 10 10 10 10 10 10 10 10 10 10 10 10 10 10 10 10 10 10 10 10 10 10 10 10 10 10 10 10 10 10 10 10 10 10 10 10 10 10 10 10 10 10 10 10 10 10 10 10 10 10 10 10 10 10 10 10 10 10 10 10 10 10 10 10 10 10 10 10 10 10 10 10 10 10 10 10 10 10 10 10 10 10 10 10 10 10 10 10 10 10 10 10 10 10 10 10 10 10 10 10 10 10 10 10 10 10 10 10 10 10 10 10 10 10 10 10 10 10 10 10 10 10 10 10 10 10 10 10 10 10 10 10 10 10 10 10 10 10 10 10 10 10 10 10 10 10 10 10 10 10 10 10 10 10 10 10 10 10 10 10 10 10 10 10 10 10 10 10 10 10 10 10 10 10 10 10 10 10 10 10 10 10 10 10 10 10 10 10 10 10 10 10 10 10 10 10 10 10 10 10 10 10 10 10 10 10 10 10 10 10 10 10 10 10 10 10 10 10 10 10 10 10 10 10 10 10 10 10 10 10 10 10 10 10 10 10 10 10 10 10 10 10 10 10 10 10 10 10 10 10 10 10 10 10 10 10 10 10 10 10 10 10 10 10 10 10 10 10 10 10 10 10 10 10 10 10 10 10 10 10 10 10 10 10 10 10 10 10 10 10 10 10 10 10 10 10 
1	72	200	358	44
2	299	265	95	350
3	275	107	305	355
4	156	167	117	184
5	157	94	163	217
6	307	125	295	351
7	50	91	102	89
8	181	371	276	394
9	393	97	207	224
10	168	320	172	229
11	208	163	79	192
12	30	73	111	35
13	379	321	106	3
14	403	59	34	175
15	35	183	282	322
16	227	15	382	102
17	390	389	227	289
18	206	306	343	383
19	161	361	404	210
20	140	219	36	141
21	406	114	167	283
22	64	273	91	335
23	349	153	371	100
24	47	118	23	34
25	223	319	115	136
26	308	158	251	218
27	279	365	359	40
28	384	130	319	203
29	343	223	159	393
30	23	187	209	7
31	44	359	174	91
32	192	292	272	145
33	272	166	401	70
34	114	155	257	60
35	163	333	338	395
36	360	189	283	361
37	370	82	253	262
38	277	356	25	158
39	262	50	296	226
40	218	353	77	282
41	306	78	140	243
42	217	178	20	215
43	292	399	29	402
44	53	335	262	132
45	238	299	293	253
46	137	179	205	241
47	167	330	311	375
48	59	128	324	263
49	160	85	292	36
50	259	347	15	130
51	123	95	364	38
52	249	206	177	345
53	367	115	232	54
54	80	228	383	329
55	76	48	61	140
56	312	272	171	358
57	13	17	88	279
58	18	205	407	311
59	225	186	138	125
60	281	208	320	386
61	51	250	234	114
62	39	271	123	189
63	104	303	152	234
64	252	376	290	146
65	166	235	294	43
66	276	32	72	99
67	244	327	353	228
68	361	326	252	31
69	54	283	179	61
70	371	322	80	41
71	394	195	304	190
72	74	57	273	154
73	380	238	313	392
74	115	395	245	274
75	154	8	309	174
76	49	293	333	252
77	314	139	395	269
78	40	145	393	344
79	38	20	151	400
80	398	291	84	63
81	402	119	96	314
82	149	26	155	381
83	183	209	173	242
84	90	317	8	2
85	408	241	367	333
86	322	230	90	123
87	75	232	400	152
88	358	262	340	399
89	396	285	38	266
90	130	188	178	1
91	245	69	316	248
92	317	334	153	268
93	3	401	113	126
94	33	344	286	133
95	230	367	150	396
96	293	211	279	180
97	148	328	300	167
98	407	52	195	27
99	251	212	40	362
100	235	201	28	360
101	31	338	9	119
102	364	19	270	405
103	226	398	70	407
104	66	284	67	45
105	221	309	187	300
106	285	72	269	172
107	243	31	73	75
108	71	147	256	69
109	182	76	78	356
110	27	318	135	47
111	106	404	50	95
112	60	397	248	323
113	234	366	263	15
114	190	170	86	143
115	150	75	43	200
116	357	7	168	92
117	382	379	64	256
118	338	40	12	273
119	127	140	139	211
120	257	190	280	370
121	319	199	4	293
122	325	123	284	318
123	274	150	375	58
124	151	308	217	9
125	246	127	285	324
126	313	294	210	163
127	263	252	208	73
128	269	23	339	165
129	113	267	169	107
130	288	93	221	349
131	111	305	108	258
132	110	311	48	112
133	19	385	342	245
134	5	214	351	389
135	373	108	390	106
136	351	29	164	338
137	153	346	348	247
138	83	122	76	198
139	374	61	361	86
140	185	148	51	178
141	341	33	312	82
142	375	144	121	10
143	391	165	184	337
144	120	161	387	84
145	300	159	74	11
146	14	134	56	197
147	67	129	356	285
148	203	390	83	30
149	255	103	193	298
150	41	193	59	97
151	22	63	14	313
152	266	403	376	341
153	228	362	301	357
154	17	151	346	377
155	28	314	389	246
156	301	12	75	164
157	98	231	136	339
158	297	386	144	155
159	26	87	288	327
160	377	264	330	254
161	237	169	336	233
162	229	182	261	88
163	352	290	226	371
164	144	360	373	101
165	212	255	200	342
166	159	355	368	297
167	189	25	350	137
168	139	157	241	379
169	369	263	37	52
170	199	325	166	331
171	147	300	308	378
172	109	160	134	328
173	158	406	89	332
174	77	256	170	65
175	119	28	335	4
176	309	374	298	232
177	327	383	323	187
178	219	207	62	235
179	125	149	57	219
180	2	162	46	48
181	78	332	11	149
182	73	298	92	57
183	339	247	386	90
184	118	248	55	186
185	93	21	331	23
186	4	120	147	284
187	215	244	222	37
188	85	117	219	118
189	176	301	352	287
190	173	380	255	261
191	155	387	384	236
192	247	4	2	68
193	191	9	345	22
194	311	51	204	403
195	68	62	240	151
196	136	83	302	32
197	107	269	366	376
198	25	254	362	354
199	268	375	306	81
200	79	171	274	176
201	165	286	31	170
202	305	220	1	384
203	201	324	82	64
204	9	86	183	372
205	303	54	158	59
206	65	394	17	387
207	112	279	259	320
208	143	2	58	278
209	316	137	47	336
210	336	405	236	83
211	344	111	355	353
212	177	112	6	28
213	355	378	141	104
214	200	368	264	181
215	12	121	347	310
216	175	152	206	20
217	121	363	180	307
218	381	71	21	227
219	131	222	369	77
220	70	194	325	124
221	376	102	110	343
222	24	393	289	212
223	32	407	39	24
224	128	177	154	208
225	302	79	385	16
226	287	27	22	206
227	152	84	231	26
228	324	100	399	380
229	62	37	53	12
230	363	67	271	303
231	328	175	182	352
232	214	185	65	369
233	282	116	149	177
234	132	287	365	201
235	84	288	49	103
236	82	282	278	150
237	291	408	119	270
238	36	229	165	250
239	353	6	161	185
240	224	316	381	382
241	133	90	235	162
242	389	70	87	138
243	87	204	130	39
244	345	274	303	292
245	124	99	63	406
246	138	296	357	325
247	7	341	202	231
248	209	388	328	216
249	16	14	203	122
250	188	154	16	260
251	46	295	223	390
252	92	156	103	55
253	296	268	201	8
254	337	65	281	121
255	264	221	27	366
256	135	339	196	368
257	8	164	137	194
258	99	113	260	179
259	61	237	35	214
260	169	227	18	87
261	172	42	211	222
262	254	307	45	276
263	108	45	233	115
264	88	172	403	259
265	211	173	125	317
266	1	354	160	213
267	372	146	334	348
268	142	351	198	364
269	196	60	54	110
270	399	210	239	94
271	34	259	181	374
272	193	392	176	108
273	392	343	120	67
274	216	364	370	113
275	126	342	189	388
276	248	249	148	6
277	89	253	116	272
278	333	350	388	53
279	56	266	250	173
280	271	213	185	171
281	239	313	327	277
282	198	225	326	373
283	37	323	225	367
284	365	30	114	251
285	400	270	44	50
286	280	233	268	319
287	232	281	307	209
288	213	246	146	46
289	283	278	60	161
290	220	98	26	230
291	298	109	81	330
292	334	312	218	128
293	102	56	214	25
294	289	138	267	291
295	171	216	405	144
296	231	337	363	127
297	57	245	349	347
298	388	373	93	257
299	258	58	69	195
300	21	260	109	191
301	81	234	162	391
302	321	226	220	286
303	332	80	3	135
304	241	331	228	116
305	356	46	30	249
306	95	64	19	237
307	233	258	188	265
308	340	131	392	326
309	222	43	394	225
310	368	340	341	290
311	273	135	5	117
312	197	369	118	315
313	187	74	254	199
314	103	345	97	71
315	348	357	230	56
316	397	239	157	244
317	55	132	237	120
318	146	400	129	29
319	48	275	378	281
320	105	13	360	202
321	270	16	354	72
322	6	315	122	159
323	284	11	143	183
324	11	242	10	302
325	184	402	396	160
326	253	10	314	312
327	180	55	127	404
328	210	297	33	168
329	320	196	299	296
330	278	24	107	105
331	256	384	175	301
332	100	126	212	288
333	202	133	318	401
334	43	276	397	363
335	386	174	199	196
336	117	68	315	21
337	378	381	215	80
338	134	191	190	129
339	329	348	66	13
340	29	53	258	156
341	240	5	192	408
342	195	352	242	33
343	347	136	104	385
344	141	176	337	166
345	101	41	42	134
346	250	202	131	85
347	265	168	216	14
348	97	96	100	49
349	346	336	275	359
350	261	3	224	267
351	359	215	132	271
352	304	236	105	5
353	318	382	7	18
354	290	377	265	157
355	42	289	310	169
356	404	35	142	139
357	294	110	322	264
358	194	141	287	295
359	267	181	85	19
360	315	18	194	316
361	45	47	243	76
362	342	349	380	321
363	323	391	98	304
364	286	44	374	365
365	10	277	71	340
366	236	106	213	182
367	164	280	94	255
368	129	217	128	193
369	330	203	329	74
370	122	218	24	240
371	162	240	332	79
372	354	143	297	306
373	207	302	191	239
374	20	88	249	109
375	387	38	408	148
376	395	81	124	188
377	58	1	406	111
378	94	192	291	204
379	335	224	377	220
380	260	101	186	78
381	366	198	145	238
382	331	66	238	96
383	15	104	379	17
384	170	261	133	98
385	145	304	277	346
386	205	49	398	299
387	242	36	246	398
388	326	396	99	221
389	405	184	32	51
390	179	34	244	93
391	86	358	101	153
392	91	329	126	142
393	350	105	197	280
394	295	92	391	294
395	116	372	344	131
396	96	142	13	62
397	385	180	266	147
398	310	22	229	309
399	401	257	68	305
400	63	77	321	334
401	186	124	402	42
402	52	310	112	275
403	69	251	41	207
404	204	370	317	205
405	178	39	247	66
406	174	243	156	308
407	362	89	372	397
408	383	197	52	223
1	346	7	374	120
2	266	324	112	39
3	206	347	256	395
4	20	50	288	386
5	123	118	398	153
6	132	391	386	89
7	3	17	40	11
8	203	77	338	86
9	311	157	319	74
10	115	124	68	90
11	73	397	24	311
12	136	141	266	316
13	277	269	173	42
14	225	231	139	199
15	163	301	56	180
16	368	31	358	64
17	338	295	402	388
18	279	242	54	156
19	55	93	57	284
20	49	169	399	309
21	35	358	207	24
22	237	388	167	62
23	197	3	375	72
24	385	189	211	15
25	238	369	224	226
26	329	90	385	65
27	93	217	33	364
28	68	238	395	350
29	262	23	405	322
30	176	330	350	205
31	265	210	184	310
32	75	173	267	45
33	63	47	39	403
34	219	331	78	258
35	133	48	84	339
36	280	58	408	8
37	198	289	347	92
38	172	159	363	162
39	29	278	335	101
40	403	183	281	216
41	350	263	310	209
42	302	179	318	71
43	156	339	191	370
44	46	131	255	160
45	85	163	122	52
46	167	29	326	20
47	138	185	151	67
48	9	102	265	78
49	186	223	90	256
50	300	144	45	131
51	196	171	21	29
52	150	346	205	353
53	60	121	154	171
54	178	99	105	319
55	298	366	183	123
56	43	314	190	174
57	195	8	109	53
58	32	386	25	128
59	229	230	248	192
60	125	256	23	37
61	253	257	354	138
62	294	232	299	182
63	248	349	125	145
64	184	308	277	355
65	127	384	210	57
66	352	135	392	257
67	72	338	182	94
68	276	396	120	300
69	367	399	307	185
70	25	228	177	390
71	204	91	293	143
72	88	236	252	344
73	98	403	404	202
74	47	43	223	129
75	71	251	289	159
76	159	66	130	158
77	101	191	245	263
78	285	304	244	286
79	56	119	206	61
80	232	165	357	267
81	94	317	118	224
82	394	208	193	121
83	6	285	117	133
84	100	112	257	134
85	268	327	9	318
86	62	352	17	196
87	179	364	367	259
88	386	381	29	31
89	312	383	27	262
90	325	27	30	175
91	96	1	294	63
92	360	254	260	130
93	213	98	275	225
94	57	292	80	281
95	34	151	376	333
96	376	94	55	178
97	154	356	355	253
98	390	206	208	189
99	220	373	308	116
100	120	108	239	105
101	104	160	195	327
102	54	153	199	142
103	194	245	159	378
104	69	83	394	212
105	111	227	168	228
106	406	51	228	23
107	399	287	63	114
108	236	57	340	237
109	287	348	156	112
110	332	226	98	307
111	371	255	16	139
112	401	104	158	246
113	231	87	134	181
114	377	150	141	217
115	389	299	384	83
116	5	184	194	154
117	160	332	169	204
118	233	247	242	91
119	122	178	200	40
120	97	175	163	141
121	249	297	352	326
122	50	37	304	49
123	383	218	401	184
124	343	202	209	38
125	337	207	34	50
126	251	291	61	282
127	90	154	328	391
128	175	343	42	12
129	19	408	238	314
130	235	333	32	21
131	118	303	383	245
132	370	329	47	98
133	191	195	67	103
134	144	225	325	25
135	83	283	171	169
136	188	252	241	298
137	395	110	330	260
138	121	273	104	220
139	301	4	243	22
140	58	282	227	166
141	270	309	380	343
142	30	129	14	287
143	296	275	172	167
144	207	20	231	356
145	228	117	26	195
146	210	235	22	346
147	382	253	232	368
148	65	55	102	10
149	185	400	314	362
150	110	62	253	87
151	2	367	86	270
152	158	95	82	163
153	378	39	93	312
154	307	359	83	406
155	351	86	186	331
156	119	71	198	273
157	140	88	387	373
158	333	310	145	4
159	4	46	165	203
160	165	35	123	100
161	357	44	306	279
162	291	12	92	140
163	340	70	133	363
164	408	182	10	295
165	305	395	41	264
166	91	271	371	400
167	356	168	174	384
168	109	246	373	304
169	67	316	229	95
170	103	111	162	186
171	319	342	114	252
172	321	130	329	227
173	205	248	298	68
174	282	302	69	102
175	244	298	62	402
176	299	261	157	132
177	15	64	397	218
178	348	63	175	374
179	37	394	79	392
180	64	113	103	241
181	27	38	192	223
182	308	407	221	351
183	105	244	58	332
184	157	28	286	214
185	181	220	204	193
186	215	233	348	36
187	247	279	282	127
188	147	293	201	198
189	384	172	152	345
190	145	378	166	247
191	218	335	59	317
192	335	76	1	126
193	7	306	115	16
194	314	125	346	271
195	18	188	263	211
196	48	49	301	146
197	182	344	320	2
198	84	52	121	46
199	264	213	356	289
200	169	250	31	354
201	149	123	345	283
202	200	328	50	117
203	404	393	15	405
204	66	237	48	234
205	309	10	218	73
206	242	101	261	155
207	217	379	247	213
208	22	194	219	367
209	260	276	126	408
210	258	138	196	401
211	10	313	116	70
212	269	345	334	330
213	326	109	87	13
214	139	176	297	340
215	255	387	142	51
216	331	32	290	387
217	173	97	258	152
218	295	315	236	176
219	80	372	254	106
220	129	96	249	255
221	354	136	313	335
222	254	68	317	194
223	286	262	160	96
224	141	357	49	242
225	168	53	291	1
226	202	65	95	47
227	107	186	35	324
228	375	363	262	6
229	44	84	19	266
230	221	75	88	302
231	234	392	147	208
232	89	265	284	82
233	313	390	230	261
234	362	170	379	177
235	292	284	38	329
236	26	114	13	18
237	79	355	65	397
238	241	81	111	135
239	193	192	52	30
240	152	243	37	111
241	222	193	382	396
242	272	365	283	97
243	324	216	351	369
244	106	360	180	389
245	113	322	341	34
246	74	277	178	394
247	283	59	331	398
248	353	54	336	348
249	397	40	138	191
250	396	132	203	206
251	102	164	312	168
252	199	9	353	274
253	180	177	237	399
254	339	85	300	365
255	209	319	235	26
256	40	167	70	151
257	273	103	127	197
258	374	166	3	320
259	92	145	149	301
260	45	350	91	187
261	289	214	362	244
262	95	398	321	99
263	304	148	131	75
264	315	147	12	380
265	108	203	97	119
266	334	305	271	308
267	278	323	36	293
268	177	16	135	147
269	359	79	360	272
270	142	334	333	173
271	164	205	11	375
272	52	280	361	110
273	317	368	250	3
274	53	300	332	124
275	361	127	113	232
276	347	241	316	337
277	190	45	179	210
278	130	325	272	149
279	398	209	170	238
280	114	249	391	113
281	373	311	46	190
282	99	158	8	265
283	320	72	390	248
284	128	140	234	200
285	126	180	226	222
286	24	281	137	150
287	349	122	393	80
288	402	362	51	341
289	21	296	43	297
290	224	105	53	69
291	87	376	322	276
292	261	100	77	137
293	28	152	153	115
294	135	143	377	125
295	41	219	94	170
296	214	401	400	109
297	243	146	96	357
298	341	260	148	404
299	59	162	99	28
300	78	353	279	58
301	380	128	389	207
302	189	26	337	93
303	86	42	309	407
304	230	382	119	288
305	405	371	217	172
306	342	116	396	299
307	137	199	240	32
308	117	134	155	269
309	212	14	107	379
310	252	222	108	84
311	17	80	85	313
312	201	224	343	230
313	318	215	64	165
314	355	288	73	342
315	82	268	274	77
316	155	274	4	233
317	116	56	303	305
318	174	19	269	291
319	288	155	359	315
320	151	290	292	122
321	345	15	339	358
322	1	92	323	292
323	12	106	349	376
324	148	196	81	221
325	275	266	407	60
326	227	74	202	385
327	366	61	164	240
328	274	67	369	55
329	8	374	225	285
330	388	142	246	201
331	372	115	20	161
332	223	270	370	249
333	344	341	44	280
334	61	402	264	336
335	327	204	197	17
336	38	34	100	44
337	306	139	368	323
338	245	89	259	294
339	250	5	2	325
340	226	187	6	382
341	303	201	366	277
342	281	326	5	59
343	216	239	7	254
344	143	234	276	188
345	297	211	129	136
346	166	11	364	366
347	263	321	311	56
348	76	221	273	359
349	161	354	146	338
350	208	286	181	296
351	336	18	222	33
352	31	6	106	7
353	290	82	372	144
354	256	107	295	179
355	363	25	270	250
356	51	351	60	219
357	330	149	144	321
358	170	69	75	79
359	381	2	161	347
360	392	240	378	306
361	322	377	403	381
362	187	197	136	88
363	16	212	315	148
364	171	229	66	183
365	81	133	18	334
366	358	30	216	383
367	400	267	212	290
368	112	380	143	107
369	14	272	215	251
370	246	294	268	41
371	259	78	189	5
372	284	137	280	27
373	316	259	71	236
374	23	389	220	352
375	267	307	324	360
376	183	340	150	118
377	323	174	89	235
378	387	318	342	164
379	131	370	233	66
380	257	198	365	303
381	369	320	285	231
382	393	190	128	243
383	11	120	124	14
384	379	258	214	9
385	13	41	188	349
386	211	161	327	48
387	70	264	381	328
388	153	405	251	361
389	42	337	140	275
390	239	336	132	104
391	36	200	185	268
392	328	404	287	54
393	240	406	388	76
394	33	361	187	229
395	162	156	302	215
396	146	73	72	278
397	39	181	344	35
398	192	13	278	19
399	310	36	28	372
400	391	385	213	43
401	407	375	406	85
402	271	126	74	393
403	364	21	101	371
404	365	33	76	157
405	124	60	296	377
406	77	24	110	108
407	293	312	176	239
408	134	22	305	81
1	409	266	730	377	499	202	600	90	633
2	410	180	559	208	767	192	747	84	605
3	411	93	415	350	431	303	666	13	681
4	412	186	567	192	547	121	724	175	566
5	413	134	524	341	747	311	750	352	779
6	414	322	491	239	760	212	748	276	636
7	415	247	601	116	409	353	751	30	760
8	416	257	737	75	465	84	690	253	444
9	417	204	456	193	660	101	493	124	792
10	418	365	619	326	613	324	572	142	556
11	419	324	791	323	754	181	679	145	415
12	420	215	731	156	570	118	672	229	536
13	421	57	793	320	806	396	644	339	621
14	422	146	777	249	717	151	550	347	791
15	423	383	585	16	729	50	611	113	432
16	424	249	771	321	676	250	519	225	601
17	425	154	719	57	415	206	494	383	743
18	426	58	603	360	759	260	773	353	644
19	427	133	537	102	726	306	637	359	806
20	428	374	412	79	552	42	739	216	454
21	429	300	697	185	811	218	459	336	538
22	430	151	616	398	816	226	554	193	547
23	431	30	782	128	437	24	468	185	514
24	432	222	694	330	814	370	419	223	429
25	433	198	478	167	763	38	466	293	542
26	434	159	644	82	710	290	553	227	663
27	435	110	589	226	498	255	497	98	780
28	436	155	701	175	592	100	807	212	707
29	437	340	447	136	454	43	496	318	459
30	438	12	550	284	774	305	498	148	647
31	439	101	760	107	424	201	608	68	496
32	440	223	466	66	624	389	538	196	715
33	441	94	802	141	812	328	435	342	759
34	442	271	503	390	744	14	533	24	653
35	443	15	429	356	568	259	635	12	805
36	444	238	799	387	807	20	675	49	594
37	445	283	587	229	530	169	648	187	468
38	446	79	744	375	589	89	643	51	532
39	447	62	805	405	561	223	441	243	410
40	448	78	664	118	657	99	415	27	527
41	449	150	703	345	793	403	573	70	778
42	450	355	797	261	711	345	536	401	421
43	451	334	464	309	482	115	697	65	808
44	452	31	637	364	569	285	741	1	744
45	453	361	668	263	685	262	458	104	440
46	454	251	452	305	567	180	689	288	606
47	455	24	482	361	441	209	540	110	634
48	456	319	604	55	443	132	612	180	794
49	457	76	428	386	604	235	632	348	530
50	458	7	530	39	412	111	610	285	533
51	459	61	764	194	514	140	696	389	623
52	460	402	680	98	606	408	647	169	453
53	461	44	682	340	633	229	698	278	465
54	462	69	510	205	656	269	426	53	800
55	463	317	427	327	556	184	504	252	736
56	464	279	487	293	725	146	423	315	755
57	465	297	502	72	516	179	427	182	473
58	466	377	548	299	444	208	591	123	708
59	467	48	707	14	655	150	599	205	750
60	468	112	461	269	813	289	764	34	733
61	469	259	742	139	735	55	534	69	487
62	470	229	494	195	558	178	583	396	430
63	471	400	441	151	586	245	515	80	499
64	472	22	588	306	585	117	721	203	424
65	473	206	556	254	634	232	645	174	434
66	474	104	612	382	484	339	772	405	787
67	475	147	577	230	736	104	541	273	455
68	476	195	436	336	630	399	418	192	581
69	477	403	512	91	766	299	582	108	698
70	478	220	795	242	571	103	664	33	619
71	479	108	483	218	564	365	781	314	450
72	480	1	475	106	691	66	804	321	431
73	481	182	419	12	804	107	722	127	613
74	482	72	654	313	734	145	810	369	417
75	483	87	440	115	638	156	766	107	671
76	484	55	756	109	600	138	812	361	801
77	485	174	814	400	416	40	700	219	723
78	486	181	708	41	779	109	442	380	456
79	487	200	645	225	677	11	587	371	766
80	488	54	627	303	719	70	502	337	695
81	489	301	773	376	646	291	732	199	816
82	490	236	723	37	761	203	560	141	640
83	491	138	543	196	512	148	562	210	523
84	492	235	606	227	637	80	443	144	718
85	493	188	453	49	662	359	719	346	809
86	494	391	711	204	563	114	559	139	416
87	495	243	699	159	521	242	621	260	558
88	496	264	480	374	565	57	638	162	770
89	497	277	640	407	746	173	785	7	414
90	498	84	535	241	434	86	457	183	418
91	499	392	574	7	479	22	668	31	526
92	500	252	667	394	730	182	570	116	445
93	501	185	435	130	427	298	561	390	710
94	502	378	489	5	504	367	703	270	475
95	503	306	670	51	560	2	634	111	577
96	504	396	499	348	628	81	705	382	631
97	505	348	528	9	625	314	673	150	650
98	506	157	481	290	501	363	518	384	540
99	507	258	690	245	462	388	707	66	670
100	508	332	492	228	700	348	744	23	568
101	509	345	485	380	614	391	811	164	447
102	510	293	659	221	456	7	556	16	582
103	511	314	578	149	665	252	588	235	541
104	512	63	509	383	520	343	546	213	798
105	513	320	591	393	698	352	462	330	508
106	514	111	652	366	731	13	760	135	627
107	515	197	635	3	762	330	717	129	776
108	516	263	673	135	508	131	718	272	814
109	517	172	576	291	621	300	465	374	704
110	518	132	558	357	545	221	814	269	680
111	519	131	513	211	578	12	646	377	648
112	520	207	776	212	492	402	410	132	517
113	521	129	653	258	588	93	683	274	688
114	522	34	688	21	644	284	579	61	515
115	523	74	418	53	739	25	601	263	701
116	524	395	725	233	714	277	619	304	507
117	525	336	716	188	553	4	491	311	610
118	526	184	539	24	413	312	489	188	784
119	527	175	564	81	487	237	712	101	673
120	528	144	508	186	791	273	476	317	409
121	529	217	546	215	461	142	606	254	490
122	530	370	527	138	695	322	453	249	728
123	531	51	413	122	609	62	568	86	463
124	532	245	813	401	418	376	791	220	682
125	533	179	468	6	602	265	471	59	702
126	534	275	693	332	810	392	617	93	600
127	535	119	473	125	683	327	665	296	595
128	536	224	692	48	709	368	790	292	466
129	537	368	628	147	550	318	753	338	482
130	538	90	686	28	580	243	484	50	500
131	539	219	787	308	452	346	671	395	458
132	540	234	414	317	658	351	798	44	584
133	541	241	443	333	773	384	571	94	491
134	542	338	816	146	716	172	521	345	492
135	543	256	702	311	474	110	676	303	646
136	544	196	420	343	629	157	770	25	753
137	545	46	715	209	780	257	694	167	700
138	546	246	455	294	618	59	657	242	469
139	547	168	622	77	745	119	422	356	519
140	548	20	565	119	692	41	797	55	570
141	549	344	632	358	420	213	522	20	528
142	550	268	678	396	738	356	623	392	510
143	551	208	752	372	702	323	776	114	479
144	552	164	542	142	458	158	765	295	761
145	553	385	598	78	667	381	566	32	471
146	554	318	804	267	705	288	757	64	604
147	555	171	596	108	672	186	639	397	676
148	556	97	732	140	671	276	706	375	771
149	557	82	609	179	765	233	667	181	686
150	558	115	460	123	522	95	784	236	694
151	559	124	728	154	503	79	455	195	664
152	560	227	648	216	701	63	597	87	625
153	561	137	796	23	510	92	701	391	413
154	562	75	505	250	535	224	461	72	524
155	563	191	724	34	727	82	716	158	614
156	564	4	451	252	803	406	517	340	426
157	565	5	592	168	417	316	584	354	812
158	566	173	560	26	690	205	520	38	484
159	567	166	484	145	446	29	511	322	483
160	568	49	525	172	509	266	631	325	452
161	569	19	757	144	794	239	767	289	739
162	570	371	803	180	707	301	578	241	446
163	571	35	423	11	453	5	528	126	560
164	572	367	679	257	659	136	735	156	786
165	573	201	568	143	488	238	567	128	721
166	574	65	754	33	666	170	598	344	548
167	575	47	454	4	664	21	430	97	551
168	576	10	633	347	575	116	513	328	659
169	577	260	608	161	428	129	525	355	543
170	578	384	766	114	642	174	687	201	703
171	579	295	772	200	459	56	543	280	461
172	580	261	446	264	597	10	551	106	713
173	581	190	625	265	440	83	421	279	678
174	582	406	726	335	785	31	575	75	464
175	583	216	536	231	528	331	586	14	498
176	584	189	438	344	622	272	815	200	626
177	585	212	676	224	661	52	478	233	642
178	586	405	462	42	527	90	654	140	504
179	587	390	495	46	450	69	685	258	762
180	588	327	661	397	693	217	652	96	423
181	589	8	593	359	805	271	758	214	521
182	590	109	605	162	572	231	475	366	470
183	591	83	784	15	448	204	463	323	772
184	592	325	472	389	524	143	439	4	531
185	593	140	557	232	455	280	799	239	477
186	594	401	457	59	635	380	563	184	578
187	595	313	770	30	748	105	802	177	668
188	596	250	544	90	603	307	793	376	752
189	597	167	710	36	432	275	779	62	506
190	598	114	685	120	790	338	464	71	689
191	599	193	541	338	485	373	451	300	657
192	600	32	806	378	647	341	589	11	467
193	601	272	647	150	649	149	490	368	593
194	602	358	511	220	616	360	524	257	630
195	603	342	465	71	541	98	509	299	553
196	604	269	459	329	732	256	618	335	494
197	605	312	431	408	770	393	743	146	665
198	606	282	445	381	788	268	564	138	596
199	607	170	660	121	715	335	510	313	422
200	608	214	610	1	799	165	527	115	692
201	609	203	720	100	749	253	596	234	738
202	610	333	634	346	532	247	734	320	481
203	611	148	416	369	673	249	658	28	567
204	612	404	479	243	743	194	593	378	525
205	613	386	581	58	679	46	460	404	438
206	614	18	411	52	506	216	487	226	658
207	615	373	552	178	533	9	429	403	709
208	616	11	758	60	490	127	506	224	639
209	617	248	663	83	687	30	532	287	449
210	618	328	554	270	439	126	473	19	685
211	619	265	794	96	753	261	432	119	603
212	620	165	717	99	771	332	775	222	512
213	621	288	501	280	607	366	808	266	615
214	622	232	704	134	669	293	792	259	592
215	623	187	594	351	721	337	777	42	803
216	624	274	751	295	651	347	774	248	448
217	625	42	615	368	435	124	713	5	522
218	626	40	599	370	531	292	613	26	585
219	627	178	442	20	703	188	616	179	764
220	628	290	507	202	593	302	782	379	546
221	629	105	638	255	756	130	590	388	732
222	630	309	649	219	718	187	759	261	693
223	631	25	740	29	457	251	482	408	589
224	632	240	698	379	720	350	433	9	489
225	633	59	422	282	542	283	737	309	501
226	634	103	748	302	518	163	693	39	433
227	635	16	734	260	513	17	548	218	580
228	636	153	553	54	478	304	514	67	513
229	637	162	467	238	772	398	577	10	802
230	638	95	712	86	467	315	641	290	720
231	639	296	521	157	422	227	552	247	789
232	640	287	488	87	470	53	555	176	683
233	641	307	526	286	594	263	787	161	724
234	642	113	639	301	752	61	692	63	612
235	643	100	538	65	554	241	663	178	785
236	644	366	516	352	480	210	626	191	781
237	645	161	430	259	612	317	661	306	516
238	646	45	433	73	436	382	537	381	687
239	647	281	798	316	751	270	508	373	815
240	648	341	801	371	768	195	715	370	735
241	649	304	646	85	684	168	544	46	588
242	650	387	614	324	426	342	526	83	632
243	651	107	705	406	648	361	547	41	790
244	652	67	583	187	591	390	486	316	669
245	653	91	746	297	511	74	485	133	539
246	654	125	778	288	576	387	738	155	520
247	655	192	595	183	526	405	615	137	598
248	656	276	471	184	581	112	467	91	691
249	657	52	529	276	688	374	628	305	740
250	658	346	747	61	608	279	681	238	763
251	659	99	534	403	483	26	796	284	777
252	660	64	718	127	544	68	480	76	579
253	661	326	469	277	555	37	558	45	505
254	662	262	630	198	500	313	627	160	751
255	663	149	623	165	519	190	452	367	628
256	664	331	762	174	468	108	411	117	457
257	665	120	788	399	469	34	492	298	474
258	666	299	618	307	792	340	625	131	442
259	667	50	779	271	781	207	746	264	495
260	668	380	617	300	706	258	500	250	545
261	669	350	700	384	584	162	614	190	641
262	670	39	437	88	631	44	636	37	497
263	671	127	755	169	449	113	603	48	485
264	672	255	607	160	795	214	742	357	573
265	673	347	439	2	640	354	456	307	690
266	674	152	410	279	733	397	420	89	637
267	675	359	783	129	775	294	440	350	488
268	676	199	493	253	723	286	778	92	799
269	677	128	620	197	421	106	726	77	716
270	678	321	549	285	740	102	763	237	559
271	679	280	810	62	574	230	674	351	602
272	680	33	650	56	777	32	686	277	677
273	681	311	665	22	546	72	756	118	564
274	682	123	736	244	724	200	723	74	660
275	683	3	733	319	551	349	501	402	797
276	684	66	476	334	617	8	752	262	699
277	685	38	421	365	654	385	472	281	749
278	686	330	675	289	447	236	806	208	804
279	687	27	426	207	595	96	708	57	569
280	688	286	444	367	680	120	780	393	741
281	689	60	750	287	694	254	448	319	502
282	690	233	582	236	548	15	595	40	534
283	691	289	655	69	543	36	650	21	609
284	692	323	780	104	643	122	640	186	427
285	693	106	486	89	491	125	789	147	737
286	694	364	631	201	758	94	592	302	486
287	695	226	517	234	515	358	800	189	550
288	696	130	727	235	722	159	412	332	712
289	697	294	669	355	445	222	483	17	607
290	698	354	761	163	728	64	624	310	775
291	699	237	570	80	534	378	633	294	726
292	700	43	643	32	502	49	728	244	730
293	701	96	815	76	596	45	479	121	675
294	702	357	470	126	778	65	499	394	746
295	703	394	626	251	425	6	762	358	572
296	704	253	551	246	697	39	813	329	758
297	705	158	753	328	529	372	622	166	697
298	706	291	463	182	583	176	581	149	544
299	707	2	584	45	523	329	470	386	714
300	708	145	458	171	682	97	662	105	476
301	709	156	547	189	423	153	604	331	667
302	710	225	450	373	582	196	803	324	638
303	711	205	749	63	539	244	725	230	788
304	712	352	671	385	486	71	530	363	576
305	713	202	573	131	674	3	816	399	725
306	714	41	745	18	601	199	569	372	768
307	715	6	562	262	783	287	477	217	518
308	716	26	590	124	472	171	507	406	674
309	717	176	613	105	549	75	711	398	428
310	718	398	807	402	566	355	449	215	439
311	719	194	417	132	689	47	755	58	419
312	720	56	497	292	815	141	659	326	561
313	721	126	641	281	619	73	629	151	719
314	722	77	602	155	464	326	557	81	537
315	723	360	672	322	626	336	771	312	727
316	724	209	781	240	577	91	684	360	420
317	725	92	681	84	489	404	630	265	599
318	726	353	721	110	786	333	450	122	493
319	727	121	579	25	663	28	417	286	462
320	728	329	691	10	789	60	605	207	666
321	729	302	580	13	755	400	670	362	765
322	730	86	769	70	653	357	699	15	437
323	731	363	785	283	675	177	730	112	745
324	732	228	651	203	410	48	783	125	635
325	733	122	498	170	686	220	542	246	747
326	734	388	621	68	750	282	454	308	529
327	735	177	743	67	493	281	794	159	509
328	736	231	800	97	610	248	535	172	795
329	737	339	434	392	540	369	580	54	643
330	738	369	765	47	438	160	545	291	620
331	739	382	624	304	442	185	655	170	563
332	740	303	518	181	525	371	682	173	591
333	741	278	566	35	538	76	678	85	503
334	742	292	674	92	678	267	620	400	773
335	743	379	600	44	599	175	447	22	629
336	744	210	759	349	798	161	656	209	742
337	745	254	533	296	797	344	710	143	684
338	746	118	425	101	475	35	416	136	757
339	747	183	662	256	451	128	729	157	443
340	748	308	571	310	784	88	516	365	622
341	749	141	706	247	741	310	653	152	696
342	750	362	714	275	579	133	786	165	722
343	751	29	532	273	536	18	720	221	549
344	752	211	741	94	605	395	805	78	480
345	753	244	729	314	620	193	609	52	597
346	754	349	409	137	460	154	602	385	554
347	755	343	684	50	411	215	445	297	767
348	756	315	586	339	517	137	594	267	656
349	757	23	695	362	471	297	731	130	793
350	758	393	449	278	668	167	438	2	436
351	759	136	563	268	764	134	651	6	590
352	760	163	474	342	494	189	529	231	782
353	761	239	656	40	708	67	660	211	460
354	762	372	629	266	757	321	469	198	608
355	763	213	722	166	645	211	505	3	472
356	764	305	575	38	505	147	607	109	552
357	765	116	569	315	632	246	488	153	705
358	766	88	774	391	429	1	424	56	729
359	767	351	677	31	562	27	727	349	756
360	768	36	500	164	652	320	677	100	783
361	769	68	683	19	802	139	680	36	796
362	770	407	642	153	696	198	669	99	557
363	771	230	763	217	636	296	446	334	571
364	772	102	811	274	495	51	754	268	435
365	773	284	812	27	650	234	788	364	662
366	774	381	735	113	463	197	749	255	754
367	775	53	477	95	559	85	495	283	616
368	776	310	424	214	681	166	745	256	555
369	777	169	789	312	433	219	736	232	651
370	778	37	540	404	787	274	740	120	451
371	779	70	519	8	713	23	574	163	811
372	780	267	739	395	627	407	761	204	807
373	781	135	689	298	507	164	576	282	565
374	782	139	666	176	737	364	409	271	586
375	783	142	636	199	809	123	431	47	679
376	784	221	504	64	699	152	503	197	731
377	785	160	522	354	769	379	702	154	813
378	786	337	561	213	598	319	768	171	511
379	787	13	792	117	615	383	642	168	717
380	788	73	709	190	776	362	549	228	672
381	789	218	767	337	496	240	795	82	769
382	790	117	555	353	712	16	649	240	748
383	791	408	531	177	497	54	539	18	774
384	792	28	597	331	473	191	523	202	575
385	793	397	432	133	808	225	434	343	734
386	794	335	496	158	466	183	414	60	412
387	795	375	786	191	623	144	565	206	624
388	796	298	738	248	430	278	801	275	425
389	797	242	523	17	782	155	709	134	652
390	798	17	506	148	641	135	691	251	478
391	799	143	808	363	414	394	688	301	535
392	800	273	768	272	639	308	474	73	587
393	801	9	790	222	611	78	695	29	810
394	802	71	490	206	587	309	512	8	654
395	803	376	545	74	573	77	436	35	411
396	804	89	658	388	476	325	714	95	649
397	805	316	657	112	419	334	585	407	645
398	806	80	687	103	670	386	413	387	655
399	807	270	515	43	477	228	428	88	661
400	808	285	775	318	557	87	704	79	574
401	809	399	520	93	704	33	531	333	618
402	810	81	696	325	742	401	425	43	583
403	811	14	448	152	481	264	769	194	441
404	812	356	611	111	800	19	481	327	706
405	813	389	713	210	796	295	437	102	611
406	814	21	514	173	801	377	809	245	562
407	815	98	809	223	590	58	733	103	711
408	816	85	572	237	537	375	444	341	617
